,along,with,the,american,institute,of,electrical,engineers,what,other,institute,eventually,became,the,ieee,?
tesla,0.1016557365655899,0.16424812376499176,0.1324402391910553,0.12191694229841232,0.15442416071891785,0.18837453424930573,0.45727142691612244,0.3254041373729706,0.23221199214458466,0.11896419525146484,0.15442416071891785,0.1490691900253296,0.12976884841918945,0.1324402391910553,0.3623356223106384,0.10250775516033173
served,0.18613788485527039,0.17899122834205627,0.25209251046180725,0.25616714358329773,0.1724761426448822,0.2967056334018707,0.14628960192203522,0.1811988800764084,0.1271134465932846,0.15253806114196777,0.1724761426448822,0.10271569341421127,0.37673845887184143,0.25209251046180725,0.12486335635185242,0.117141492664814
as,0.31813573837280273,0.40387406945228577,0.48381632566452026,0.2994234561920166,0.23080535233020782,0.3886612355709076,0.1705186367034912,0.1908814013004303,0.31749409437179565,0.42805421352386475,0.23080535233020782,0.31215140223503113,0.3482101261615753,0.48381632566452026,0.1882835477590561,0.27043893933296204
a,0.24426962435245514,0.3783375024795532,0.5829201340675354,0.22026167809963226,0.15834029018878937,0.5052502155303955,0.2779098153114319,0.17078717052936554,0.3320399522781372,0.2806335389614105,0.15834029018878937,0.28132501244544983,0.28774285316467285,0.5829201340675354,0.16850139200687408,0.23916715383529663
vice,0.07939700782299042,0.1132759153842926,0.2412198781967163,0.23051752150058746,0.15816959738731384,0.21141734719276428,0.209852397441864,0.21526913344860077,0.13314306735992432,0.1866050660610199,0.15816959738731384,0.1335316151380539,0.22111472487449646,0.2412198781967163,0.21847063302993774,0.1369185745716095
president,0.12066636234521866,0.14994901418685913,0.24330610036849976,0.25288230180740356,0.1685331165790558,0.21610750257968903,0.15365123748779297,0.17200011014938354,0.1870913952589035,0.11147172003984451,0.1685331165790558,0.15040498971939087,0.2389896661043167,0.24330610036849976,0.2169038951396942,0.14148259162902832
of,0.34889817237854004,0.41827285289764404,0.733189046382904,0.22180068492889404,0.2977932393550873,1.0,0.23057208955287933,0.189129039645195,0.33290785551071167,0.38583824038505554,0.2977932393550873,0.313495934009552,0.3638904094696045,0.733189046382904,0.2129846066236496,0.1826142966747284
the,0.39495137333869934,0.4223487675189972,1.0,0.24562937021255493,0.24399729073047638,0.733189046382904,0.2523402273654938,0.25282254815101624,0.42745697498321533,0.44152235984802246,0.24399729073047638,0.42022404074668884,0.36325156688690186,1.0,0.1838465929031372,0.22068053483963013
american,0.16784822940826416,0.20245933532714844,0.24562937021255493,1.0000001192092896,0.24250324070453644,0.22180068492889404,0.1456407755613327,0.21152135729789734,0.1909721940755844,0.2411116361618042,0.24250324070453644,0.14694058895111084,0.2360076755285263,0.24562937021255493,0.24350228905677795,0.18877598643302917
institute,0.12541787326335907,0.11803092807531357,0.24399729073047638,0.24250324070453644,1.0,0.2977932393550873,0.19961734116077423,0.35184910893440247,0.17608846724033356,0.1802527755498886,1.0,0.2151540219783783,0.14286889135837555,0.24399729073047638,0.3035942316055298,0.115291528403759
of,0.34889817237854004,0.41827285289764404,0.733189046382904,0.22180068492889404,0.2977932393550873,1.0,0.23057208955287933,0.189129039645195,0.33290785551071167,0.38583824038505554,0.2977932393550873,0.313495934009552,0.3638904094696045,0.733189046382904,0.2129846066236496,0.1826142966747284
electrical,0.205083429813385,0.1801341325044632,0.2523402273654938,0.1456407755613327,0.19961734116077423,0.23057208955287933,1.0000001192092896,0.4138019382953644,0.19961315393447876,0.20480802655220032,0.19961734116077423,0.1728026568889618,0.13752612471580505,0.2523402273654938,0.37310829758644104,0.10923371464014053
engineers,0.19066041707992554,0.20687973499298096,0.25282254815101624,0.21152135729789734,0.35184910893440247,0.189129039645195,0.4138019382953644,1.0,0.259060800075531,0.27848193049430847,0.35184910893440247,0.26025018095970154,0.16294139623641968,0.25282254815101624,0.33787575364112854,0.18139411509037018
",",0.29824912548065186,0.4120737314224243,0.4933079481124878,0.3048616647720337,0.25896888971328735,0.4946078956127167,0.24516360461711884,0.20086117088794708,0.3087472915649414,0.4446498453617096,0.25896888971328735,0.262137234210968,0.2798398435115814,0.4933079481124878,0.24352361261844635,0.31091248989105225
the,0.39495137333869934,0.4223487675189972,1.0,0.24562937021255493,0.24399729073047638,0.733189046382904,0.2523402273654938,0.25282254815101624,0.42745697498321533,0.44152235984802246,0.24399729073047638,0.42022404074668884,0.36325156688690186,1.0,0.1838465929031372,0.22068053483963013
forerunner,0.12665881216526031,0.11617525666952133,0.2814067304134369,0.233587846159935,0.31698378920555115,0.23956505954265594,0.2807043790817261,0.24821928143501282,0.16314412653446198,0.08340872824192047,0.31698378920555115,0.20206494629383087,0.25818535685539246,0.2814067304134369,0.23890851438045502,0.11524749547243118
(,0.18445467948913574,0.29503780603408813,0.33289089798927307,0.3044136166572571,0.17226308584213257,0.35032153129577637,0.21043901145458221,0.11962000280618668,0.2411840260028839,0.25035592913627625,0.17226308584213257,0.1019740104675293,0.15322089195251465,0.33289089798927307,0.23260299861431122,0.40561532974243164
along,1.0,0.47997185587882996,0.39495137333869934,0.16784822940826416,0.12541787326335907,0.34889817237854004,0.205083429813385,0.19066041707992554,0.22421957552433014,0.3091159760951996,0.12541787326335907,0.2939958870410919,0.17296551167964935,0.39495137333869934,0.16813218593597412,0.17134909331798553
with,0.47997185587882996,0.9999999403953552,0.4223487675189972,0.20245933532714844,0.11803092807531357,0.41827285289764404,0.1801341325044632,0.20687973499298096,0.2464839518070221,0.44086363911628723,0.11803092807531357,0.32133352756500244,0.23679126799106598,0.4223487675189972,0.20541632175445557,0.2433311939239502
the,0.39495137333869934,0.4223487675189972,1.0,0.24562937021255493,0.24399729073047638,0.733189046382904,0.2523402273654938,0.25282254815101624,0.42745697498321533,0.44152235984802246,0.24399729073047638,0.42022404074668884,0.36325156688690186,1.0,0.1838465929031372,0.22068053483963013
institute,0.12541787326335907,0.11803092807531357,0.24399729073047638,0.24250324070453644,1.0,0.2977932393550873,0.19961734116077423,0.35184910893440247,0.17608846724033356,0.1802527755498886,1.0,0.2151540219783783,0.14286889135837555,0.24399729073047638,0.3035942316055298,0.115291528403759
of,0.34889817237854004,0.41827285289764404,0.733189046382904,0.22180068492889404,0.2977932393550873,1.0,0.23057208955287933,0.189129039645195,0.33290785551071167,0.38583824038505554,0.2977932393550873,0.313495934009552,0.3638904094696045,0.733189046382904,0.2129846066236496,0.1826142966747284
radio,0.16638576984405518,0.15850627422332764,0.23511973023414612,0.23839303851127625,0.21091662347316742,0.16079017519950867,0.27583175897598267,0.19972290098667145,0.16863368451595306,0.2041461020708084,0.21091662347316742,0.08594508469104767,0.14387431740760803,0.23511973023414612,0.26406601071357727,0.08763375133275986
engineers,0.19066041707992554,0.20687973499298096,0.25282254815101624,0.21152135729789734,0.35184910893440247,0.189129039645195,0.4138019382953644,1.0,0.259060800075531,0.27848193049430847,0.35184910893440247,0.26025018095970154,0.16294139623641968,0.25282254815101624,0.33787575364112854,0.18139411509037018
),0.17395511269569397,0.3069596290588379,0.3456730246543884,0.30758509039878845,0.18211983144283295,0.3680361211299896,0.21096712350845337,0.1315361112356186,0.26259949803352356,0.26200005412101746,0.18211983144283295,0.11720007658004761,0.19107717275619507,0.3456730246543884,0.22289595007896423,0.42300865054130554
of,0.34889817237854004,0.41827285289764404,0.733189046382904,0.22180068492889404,0.2977932393550873,1.0,0.23057208955287933,0.189129039645195,0.33290785551071167,0.38583824038505554,0.2977932393550873,0.313495934009552,0.3638904094696045,0.733189046382904,0.2129846066236496,0.1826142966747284
the,0.39495137333869934,0.4223487675189972,1.0,0.24562937021255493,0.24399729073047638,0.733189046382904,0.2523402273654938,0.25282254815101624,0.42745697498321533,0.44152235984802246,0.24399729073047638,0.42022404074668884,0.36325156688690186,1.0,0.1838465929031372,0.22068053483963013
modern-day,0.1733405888080597,0.2160293161869049,0.3206247389316559,0.2462172657251358,0.2607114613056183,0.27121108770370483,0.24140797555446625,0.2562360167503357,0.3245202898979187,0.25782495737075806,0.2607114613056183,0.21091832220554352,0.26724377274513245,0.3206247389316559,0.26375576853752136,0.2257315069437027
ieee,0.16813218593597412,0.20541632175445557,0.1838465929031372,0.24350228905677795,0.3035942316055298,0.2129846066236496,0.37310829758644104,0.33787575364112854,0.14314574003219604,0.22149786353111267,0.3035942316055298,0.12686550617218018,0.07878164201974869,0.1838465929031372,1.0,0.16785793006420135
",",0.29824912548065186,0.4120737314224243,0.4933079481124878,0.3048616647720337,0.25896888971328735,0.4946078956127167,0.24516360461711884,0.20086117088794708,0.3087472915649414,0.4446498453617096,0.25896888971328735,0.262137234210968,0.2798398435115814,0.4933079481124878,0.24352361261844635,0.31091248989105225
from,0.279703289270401,0.26272761821746826,0.40150508284568787,0.20110583305358887,0.23353208601474762,0.4249346852302551,0.19713543355464935,0.13923238217830658,0.2737620174884796,0.30141791701316833,0.23353208601474762,0.3226223886013031,0.22486808896064758,0.40150508284568787,0.023023417219519615,0.19969791173934937
1892,0.08376046270132065,0.10474585741758347,0.1010928824543953,-0.025215793401002884,-0.04524126648902893,0.06631195545196533,0.04255233332514763,-0.017718076705932617,-0.018924584612250328,0.09437695145606995,-0.04524126648902893,0.08215709775686264,0.046585798263549805,0.1010928824543953,-0.026802396401762962,-0.03980826586484909
to,0.2976071536540985,0.4239959120750427,0.535392165184021,0.16338081657886505,0.18375186622142792,0.41548454761505127,0.2649001479148865,0.2772461175918579,0.455847829580307,0.4193183183670044,0.18375186622142792,0.4528551697731018,0.20401327311992645,0.535392165184021,0.1780811995267868,0.29463258385658264
1894,0.061332277953624725,0.05970890820026398,0.16498081386089325,0.023462921380996704,0.07986108213663101,0.21172243356704712,0.04779878631234169,-0.01414522621780634,0.07307696342468262,0.01523726899176836,0.07986108213663101,0.21108874678611755,0.21210402250289917,0.16498081386089325,-0.02852693200111389,0.1500938981771469
.,0.27491724491119385,0.4446153938770294,0.5934505462646484,0.29108086228370667,0.21288537979125977,0.5352458953857422,0.2174808531999588,0.14813724160194397,0.3567904531955719,0.41511186957359314,0.21288537979125977,0.3220598101615906,0.2806840240955353,0.5934505462646484,0.20208533108234406,0.4130953550338745
