,who,coached,each,super,bowl,50,participant,in,their,most,recent,super,bowl,appearance,prior,to,super,bowl,50,?
coincidentally,0.2911471426486969,0.11632698774337769,0.22382362186908722,0.23717789351940155,0.10638265311717987,0.07122477889060974,0.20571760833263397,0.24270348250865936,0.24211624264717102,0.29877257347106934,0.2860533893108368,0.23717789351940155,0.10638265311717987,0.25052082538604736,0.33811450004577637,0.3287701904773712,0.23717789351940155,0.10638265311717987,0.07122477889060974,0.2744106352329254
",",0.3365725874900818,0.2804047167301178,0.207483172416687,0.22322475910186768,0.1810409277677536,-0.025195008143782616,0.27548739314079285,0.5201468467712402,0.3045167922973633,0.3636029064655304,0.26883119344711304,0.22322475910186768,0.1810409277677536,0.2185479998588562,0.27105793356895447,0.44245919585227966,0.22322475910186768,0.1810409277677536,-0.025195008143782616,0.31091248989105225
both,0.31663915514945984,0.17919401824474335,0.3931492269039154,0.20366154611110687,0.15468505024909973,0.016993142664432526,0.16907301545143127,0.3960166871547699,0.42909732460975647,0.4521110951900482,0.21904242038726807,0.20366154611110687,0.15468505024909973,0.2150295525789261,0.1783214509487152,0.3897709250450134,0.20366154611110687,0.15468505024909973,0.016993142664432526,0.19455738365650177
teams,0.23560982942581177,0.4549850821495056,0.31212836503982544,0.26333683729171753,0.2752957046031952,0.09035295248031616,0.28139305114746094,0.2639528214931488,0.2674952447414398,0.2086150050163269,0.19422852993011475,0.26333683729171753,0.2752957046031952,0.1319190114736557,0.22088028490543365,0.2634691894054413,0.26333683729171753,0.2752957046031952,0.09035295248031616,0.11150168627500534
were,0.3188014328479767,0.2769066393375397,0.23227569460868835,0.18743500113487244,0.17085392773151398,0.025104328989982605,0.17432339489459991,0.3815755248069763,0.43277356028556824,0.3543298542499542,0.3106289803981781,0.18743500113487244,0.17085392773151398,0.14630533754825592,0.2372359037399292,0.31913647055625916,0.18743500113487244,0.17085392773151398,0.025104328989982605,0.17890112102031708
coached,0.19960181415081024,1.0000001192092896,0.16276375949382782,0.17820677161216736,0.2819303572177887,0.05786232277750969,0.19187571108341217,0.20446234941482544,0.17421233654022217,0.15902990102767944,0.1421986073255539,0.17820677161216736,0.2819303572177887,0.1654777079820633,0.20870892703533173,0.18176661431789398,0.17820677161216736,0.2819303572177887,0.05786232277750969,0.1018170416355133
by,0.39727845788002014,0.1705113798379898,0.29190269112586975,0.15233319997787476,0.12992306053638458,0.03871260583400726,0.1841210424900055,0.370934396982193,0.3242124021053314,0.270847886800766,0.194663405418396,0.15233319997787476,0.12992306053638458,0.1906527578830719,0.2645944356918335,0.33534231781959534,0.15233319997787476,0.12992306053638458,0.03871260583400726,0.17966607213020325
john,0.30388808250427246,0.1420416235923767,0.15755504369735718,0.1567493975162506,0.19344750046730042,0.049744050949811935,0.10317235440015793,0.22177861630916595,0.17629720270633698,0.11307311803102493,0.19512204825878143,0.1567493975162506,0.19344750046730042,0.13512876629829407,0.18618802726268768,0.2070634365081787,0.1567493975162506,0.19344750046730042,0.049744050949811935,0.13162356615066528
fox,0.20670369267463684,0.1626623123884201,0.10900828242301941,0.17024748027324677,0.17459118366241455,0.007465891540050507,0.12474951893091202,0.22528515756130219,0.1407262086868286,0.150746688246727,0.08631373941898346,0.17024748027324677,0.17459118366241455,0.18314455449581146,0.1360977590084076,0.2072722166776657,0.17024748027324677,0.17459118366241455,0.007465891540050507,0.1670110523700714
in,0.2792111933231354,0.20446234941482544,0.30816060304641724,0.18576006591320038,0.17236235737800598,0.021892361342906952,0.2945854067802429,1.0,0.34976133704185486,0.41416558623313904,0.2857761085033417,0.18576006591320038,0.17236235737800598,0.26000332832336426,0.24521231651306152,0.45010748505592346,0.18576006591320038,0.17236235737800598,0.021892361342906952,0.20430970191955566
their,0.3767721951007843,0.17421233654022217,0.4487806558609009,0.14342328906059265,0.1663845032453537,0.06537782400846481,0.1874617636203766,0.34976133704185486,1.0,0.3699820935726166,0.2775653600692749,0.14342328906059265,0.1663845032453537,0.24974052608013153,0.24109920859336853,0.44619059562683105,0.14342328906059265,0.1663845032453537,0.06537782400846481,0.1898253709077835
last,0.30598369240760803,0.21817530691623688,0.26085254549980164,0.17231976985931396,0.20327796041965485,0.07732744514942169,0.24825628101825714,0.30714505910873413,0.17057138681411743,0.27070826292037964,0.39662089943885803,0.17231976985931396,0.20327796041965485,0.24309749901294708,0.38755184412002563,0.30156898498535156,0.17231976985931396,0.20327796041965485,0.07732744514942169,0.22371746599674225
super,0.1819351613521576,0.17820677161216736,0.1298409402370453,1.0000001192092896,0.4848237931728363,0.0833745002746582,0.17662733793258667,0.18576006591320038,0.14342328906059265,0.22041858732700348,0.2514570653438568,1.0000001192092896,0.4848237931728363,0.2683286964893341,0.22880366444587708,0.17783479392528534,1.0000001192092896,0.4848237931728363,0.0833745002746582,0.166326642036438
bowl,0.09189514070749283,0.2819303572177887,0.12666155397891998,0.4848237931728363,1.0,0.005446359980851412,0.149379700422287,0.17236235737800598,0.1663845032453537,0.20814399421215057,0.24412648379802704,0.4848237931728363,1.0,0.22287850081920624,0.22557669878005981,0.16993016004562378,0.4848237931728363,1.0,0.005446359980851412,0.21118052303791046
appearance,0.18138431012630463,0.1654777079820633,0.19909420609474182,0.2683286964893341,0.22287850081920624,0.11332543939352036,0.26772016286849976,0.26000332832336426,0.24974052608013153,0.20069418847560883,0.2719776928424835,0.2683286964893341,0.22287850081920624,1.0000001192092896,0.17889286577701569,0.2557435631752014,0.2683286964893341,0.22287850081920624,0.11332543939352036,0.17315366864204407
prior,0.21688687801361084,0.20870892703533173,0.16653597354888916,0.22880366444587708,0.22557669878005981,0.06129007041454315,0.28345686197280884,0.24521231651306152,0.24109920859336853,0.15635840594768524,0.37530645728111267,0.22880366444587708,0.22557669878005981,0.17889286577701569,0.9999999403953552,0.264421671628952,0.22880366444587708,0.22557669878005981,0.06129007041454315,0.16978254914283752
to,0.42656609416007996,0.18176661431789398,0.3941934108734131,0.17783479392528534,0.16993016004562378,-0.024239253252744675,0.206609308719635,0.45010748505592346,0.44619059562683105,0.321603000164032,0.31205716729164124,0.17783479392528534,0.16993016004562378,0.2557435631752014,0.264421671628952,1.0,0.17783479392528534,0.16993016004562378,-0.024239253252744675,0.29463258385658264
super,0.1819351613521576,0.17820677161216736,0.1298409402370453,1.0000001192092896,0.4848237931728363,0.0833745002746582,0.17662733793258667,0.18576006591320038,0.14342328906059265,0.22041858732700348,0.2514570653438568,1.0000001192092896,0.4848237931728363,0.2683286964893341,0.22880366444587708,0.17783479392528534,1.0000001192092896,0.4848237931728363,0.0833745002746582,0.166326642036438
bowl,0.09189514070749283,0.2819303572177887,0.12666155397891998,0.4848237931728363,1.0,0.005446359980851412,0.149379700422287,0.17236235737800598,0.1663845032453537,0.20814399421215057,0.24412648379802704,0.4848237931728363,1.0,0.22287850081920624,0.22557669878005981,0.16993016004562378,0.4848237931728363,1.0,0.005446359980851412,0.21118052303791046
50,0.0322180911898613,0.05786232277750969,0.07577235251665115,0.0833745002746582,0.005446359980851412,0.9999999403953552,0.006889283657073975,0.021892361342906952,0.06537782400846481,0.04147367179393768,0.024498555809259415,0.0833745002746582,0.005446359980851412,0.11332543939352036,0.06129007041454315,-0.024239253252744675,0.0833745002746582,0.005446359980851412,0.9999999403953552,0.030512850731611252
.,0.3541337847709656,0.2293955385684967,0.31204065680503845,0.2757420241832733,0.21516893804073334,0.04325474053621292,0.2232634425163269,0.5591574311256409,0.34427863359451294,0.35404038429260254,0.25904062390327454,0.2757420241832733,0.21516893804073334,0.23264551162719727,0.2402365803718567,0.4645031690597534,0.2757420241832733,0.21516893804073334,0.04325474053621292,0.4130953550338745
