,where,can,the,complexity,classes,rp,",",bpp,",",pp,",",bqp,",",ma,",",and,ph,be,located,?
since,0.26308515667915344,0.24201272428035736,0.4054957628250122,0.2024936079978943,0.1396413892507553,0.22892387211322784,0.3991432189941406,0.2277899533510208,0.3991432189941406,0.13447676599025726,0.3991432189941406,0.24234485626220703,0.3991432189941406,0.1012253537774086,0.3991432189941406,0.3515571057796478,0.07897558063268661,0.3591734766960144,0.16326725482940674,0.2876587212085724
there,0.5016061663627625,0.36423051357269287,0.47025805711746216,0.24157792329788208,0.22966980934143066,0.20074409246444702,0.4587128460407257,0.1532786786556244,0.4587128460407257,0.19517600536346436,0.4587128460407257,0.12705367803573608,0.4587128460407257,0.15664535760879517,0.4587128460407257,0.4242868423461914,0.07363401353359222,0.41019052267074585,0.34069621562957764,0.29405656456947327
are,0.32389864325523376,0.5408529043197632,0.40399202704429626,0.27680158615112305,0.2913099527359009,0.13450632989406586,0.4062570035457611,0.15940234065055847,0.4062570035457611,0.09251874685287476,0.4062570035457611,0.181287482380867,0.4062570035457611,0.057815682142972946,0.4062570035457611,0.48576638102531433,0.06100941449403763,0.5556803941726685,0.24096766114234924,0.24591213464736938
many,0.4338301420211792,0.4275496006011963,0.4335206151008606,0.2883065640926361,0.2907905578613281,0.14550161361694336,0.40610817074775696,0.16704317927360535,0.40610817074775696,0.10327964276075363,0.40610817074775696,0.2635159492492676,0.40610817074775696,0.18342196941375732,0.40610817074775696,0.5296266674995422,0.15304188430309296,0.3961109519004822,0.17394456267356873,0.2124512493610382
known,0.22275541722774506,0.18300224840641022,0.3624623417854309,0.17207187414169312,0.16189859807491302,0.04316122457385063,0.3604377806186676,0.15972469747066498,0.3604377806186676,0.05140264704823494,0.3604377806186676,0.1596219539642334,0.3604377806186676,0.12666192650794983,0.3604377806186676,0.3468935489654541,0.15869636833667755,0.15196610987186432,0.21905839443206787,0.18314571678638458
complexity,0.1851366013288498,0.31849509477615356,0.21171598136425018,1.0,0.29931116104125977,0.22844357788562775,0.27822354435920715,0.29234030842781067,0.27822354435920715,0.18988873064517975,0.27822354435920715,0.24594111740589142,0.27822354435920715,0.1532575488090515,0.27822354435920715,0.2520415782928467,0.3066527247428894,0.34982410073280334,0.1267222911119461,0.23062916100025177
classes,0.19161160290241241,0.2676023244857788,0.21469499170780182,0.29931116104125977,1.0000001192092896,0.0821826159954071,0.26848307251930237,0.18848758935928345,0.26848307251930237,0.1995047926902771,0.26848307251930237,0.16549146175384521,0.26848307251930237,0.16416461765766144,0.26848307251930237,0.2892279624938965,0.19862081110477448,0.2610863149166107,0.05416440591216087,0.14397528767585754
between,0.38496607542037964,0.23827335238456726,0.39067012071609497,0.17702509462833405,0.24480338394641876,0.03231988474726677,0.27714940905570984,0.14682774245738983,0.27714940905570984,0.16473524272441864,0.27714940905570984,0.18604673445224762,0.27714940905570984,0.1286861002445221,0.27714940905570984,0.40645647048950195,0.11122461408376694,0.2079806923866272,0.2526787519454956,0.12887074053287506
p,0.12311267852783203,0.15593776106834412,0.16481639444828033,0.2279624342918396,0.15806759893894196,0.21830856800079346,0.291064590215683,0.17188848555088043,0.291064590215683,0.4047998785972595,0.291064590215683,0.21199145913124084,0.291064590215683,0.16014684736728668,0.291064590215683,0.198231041431427,0.29961836338043213,0.12313798069953918,0.07149650156497955,0.20840544998645782
and,0.43859338760375977,0.3675691485404968,0.5171257257461548,0.2520415782928467,0.2892279624938965,0.12939013540744781,0.6633074283599854,0.20719078183174133,0.6633074283599854,0.17078609764575958,0.6633074283599854,0.19487349689006805,0.6633074283599854,0.18642064929008484,0.6633074283599854,1.0,0.2153385579586029,0.41766801476478577,0.24183952808380127,0.20544172823429108
pspace,0.2081461399793625,0.3393705189228058,0.1946074664592743,0.2955028712749481,0.2150283008813858,0.3397846519947052,0.23014713823795319,0.29040372371673584,0.23014713823795319,0.1886213719844818,0.23014713823795319,0.2557016909122467,0.23014713823795319,0.14365758001804352,0.23014713823795319,0.21037064492702484,0.18663451075553894,0.2884225845336914,0.18316370248794556,0.33841776847839355
",",0.3149496018886566,0.3139454126358032,0.4933079481124878,0.27822354435920715,0.26848307251930237,0.17716501653194427,1.0000001192092896,0.2297714203596115,1.0000001192092896,0.2614281177520752,1.0000001192092896,0.1596367508172989,1.0000001192092896,0.2918687164783478,1.0000001192092896,0.6633074283599854,0.2807348072528839,0.39254459738731384,0.2678719460964203,0.31091248989105225
such,0.3198639750480652,0.396209716796875,0.3575236201286316,0.33842724561691284,0.2389480322599411,0.10394418239593506,0.39626169204711914,0.14998747408390045,0.39626169204711914,0.1546105146408081,0.39626169204711914,0.18184547126293182,0.39626169204711914,0.12115656584501266,0.39626169204711914,0.44540345668792725,0.16098207235336304,0.5239806771278381,0.12636038661003113,0.17851735651493073
as,0.35409465432167053,0.3245031237602234,0.48381632566452026,0.22960948944091797,0.2623615860939026,0.1238161101937294,0.48816442489624023,0.13127975165843964,0.48816442489624023,0.09115631878376007,0.48816442489624023,0.222916841506958,0.48816442489624023,0.16949379444122314,0.48816442489624023,0.49487000703811646,0.15384459495544434,0.5230465531349182,0.20928777754306793,0.27043893933296204
rp,0.1304972767829895,0.14028048515319824,0.13557825982570648,0.22844357788562775,0.0821826159954071,0.9999999403953552,0.17716501653194427,0.2650353014469147,0.17716501653194427,0.16641682386398315,0.17716501653194427,0.1870945692062378,0.17716501653194427,0.15219923853874207,0.17716501653194427,0.12939013540744781,0.18759994208812714,0.20832087099552155,0.11664760112762451,0.28526240587234497
",",0.3149496018886566,0.3139454126358032,0.4933079481124878,0.27822354435920715,0.26848307251930237,0.17716501653194427,1.0000001192092896,0.2297714203596115,1.0000001192092896,0.2614281177520752,1.0000001192092896,0.1596367508172989,1.0000001192092896,0.2918687164783478,1.0000001192092896,0.6633074283599854,0.2807348072528839,0.39254459738731384,0.2678719460964203,0.31091248989105225
bpp,0.062195830047130585,0.2608775794506073,0.09346412122249603,0.29234030842781067,0.18848758935928345,0.2650353014469147,0.2297714203596115,1.0,0.2297714203596115,0.3997892141342163,0.2297714203596115,0.25448328256607056,0.2297714203596115,0.13460864126682281,0.2297714203596115,0.20719078183174133,0.2646504044532776,0.17146986722946167,0.1403222233057022,0.22042737901210785
",",0.3149496018886566,0.3139454126358032,0.4933079481124878,0.27822354435920715,0.26848307251930237,0.17716501653194427,1.0000001192092896,0.2297714203596115,1.0000001192092896,0.2614281177520752,1.0000001192092896,0.1596367508172989,1.0000001192092896,0.2918687164783478,1.0000001192092896,0.6633074283599854,0.2807348072528839,0.39254459738731384,0.2678719460964203,0.31091248989105225
pp,0.15441776812076569,0.07887923717498779,0.12290918081998825,0.18988873064517975,0.1995047926902771,0.16641682386398315,0.2614281177520752,0.3997892141342163,0.2614281177520752,0.9999998807907104,0.2614281177520752,0.21530142426490784,0.2614281177520752,0.2487250566482544,0.2614281177520752,0.17078609764575958,0.26458245515823364,0.09753703325986862,0.1199348047375679,0.17373709380626678
",",0.3149496018886566,0.3139454126358032,0.4933079481124878,0.27822354435920715,0.26848307251930237,0.17716501653194427,1.0000001192092896,0.2297714203596115,1.0000001192092896,0.2614281177520752,1.0000001192092896,0.1596367508172989,1.0000001192092896,0.2918687164783478,1.0000001192092896,0.6633074283599854,0.2807348072528839,0.39254459738731384,0.2678719460964203,0.31091248989105225
bqp,0.17848768830299377,0.16358184814453125,0.16435463726520538,0.24594111740589142,0.16549146175384521,0.1870945692062378,0.1596367508172989,0.25448328256607056,0.1596367508172989,0.21530142426490784,0.1596367508172989,1.0,0.1596367508172989,0.23545639216899872,0.1596367508172989,0.19487349689006805,0.2761814296245575,0.1692451387643814,0.10837919265031815,0.18803688883781433
",",0.3149496018886566,0.3139454126358032,0.4933079481124878,0.27822354435920715,0.26848307251930237,0.17716501653194427,1.0000001192092896,0.2297714203596115,1.0000001192092896,0.2614281177520752,1.0000001192092896,0.1596367508172989,1.0000001192092896,0.2918687164783478,1.0000001192092896,0.6633074283599854,0.2807348072528839,0.39254459738731384,0.2678719460964203,0.31091248989105225
ma,0.1879398226737976,0.1124689057469368,0.13932198286056519,0.1532575488090515,0.16416461765766144,0.15219923853874207,0.2918687164783478,0.13460864126682281,0.2918687164783478,0.2487250566482544,0.2918687164783478,0.23545639216899872,0.2918687164783478,1.0000001192092896,0.2918687164783478,0.18642064929008484,0.2614232301712036,0.11512080579996109,0.0955967828631401,0.21477393805980682
",",0.3149496018886566,0.3139454126358032,0.4933079481124878,0.27822354435920715,0.26848307251930237,0.17716501653194427,1.0000001192092896,0.2297714203596115,1.0000001192092896,0.2614281177520752,1.0000001192092896,0.1596367508172989,1.0000001192092896,0.2918687164783478,1.0000001192092896,0.6633074283599854,0.2807348072528839,0.39254459738731384,0.2678719460964203,0.31091248989105225
ph,0.22194895148277283,0.2175014764070511,0.1419791877269745,0.3066527247428894,0.19862081110477448,0.18759994208812714,0.2807348072528839,0.2646504044532776,0.2807348072528839,0.26458245515823364,0.2807348072528839,0.2761814296245575,0.2807348072528839,0.2614232301712036,0.2807348072528839,0.2153385579586029,1.0,0.17925839126110077,0.08632372319698334,0.16463516652584076
",",0.3149496018886566,0.3139454126358032,0.4933079481124878,0.27822354435920715,0.26848307251930237,0.17716501653194427,1.0000001192092896,0.2297714203596115,1.0000001192092896,0.2614281177520752,1.0000001192092896,0.1596367508172989,1.0000001192092896,0.2918687164783478,1.0000001192092896,0.6633074283599854,0.2807348072528839,0.39254459738731384,0.2678719460964203,0.31091248989105225
etc.,0.14078179001808167,0.2180110514163971,0.1271119862794876,0.27486228942871094,0.2282286137342453,0.23066915571689606,0.27339106798171997,0.24593162536621094,0.27339106798171997,0.19069023430347443,0.27339106798171997,0.21212813258171082,0.27339106798171997,0.17321398854255676,0.27339106798171997,0.3024637699127197,0.13997717201709747,0.2625620663166046,0.16924400627613068,0.2492782175540924
",",0.3149496018886566,0.3139454126358032,0.4933079481124878,0.27822354435920715,0.26848307251930237,0.17716501653194427,1.0000001192092896,0.2297714203596115,1.0000001192092896,0.2614281177520752,1.0000001192092896,0.1596367508172989,1.0000001192092896,0.2918687164783478,1.0000001192092896,0.6633074283599854,0.2807348072528839,0.39254459738731384,0.2678719460964203,0.31091248989105225
it,0.36972272396087646,0.3819273114204407,0.6251175999641418,0.2516402304172516,0.22729383409023285,0.23981085419654846,0.48329564929008484,0.18429487943649292,0.48329564929008484,0.09953965246677399,0.48329564929008484,0.12292168289422989,0.48329564929008484,0.16554026305675507,0.48329564929008484,0.40957894921302795,0.21934840083122253,0.5203388929367065,0.34368759393692017,0.25732165575027466
is,0.3586711287498474,0.44256699085235596,0.5823672413825989,0.2541271150112152,0.13611210882663727,0.17695195972919464,0.4691906273365021,0.15419691801071167,0.4691906273365021,0.08917724341154099,0.4691906273365021,0.15535953640937805,0.4691906273365021,0.13001739978790283,0.4691906273365021,0.3859752118587494,0.17604900896549225,0.4819129705429077,0.35717159509658813,0.22961433231830597
possible,0.30851277709007263,0.49371016025543213,0.32701125741004944,0.4012523591518402,0.19844967126846313,0.1578180193901062,0.3032452464103699,0.24919596314430237,0.3032452464103699,0.13877619802951813,0.3032452464103699,0.14217306673526764,0.3032452464103699,0.06452454626560211,0.3032452464103699,0.29339438676834106,0.10714702308177948,0.43379613757133484,0.14981919527053833,0.3059970438480377
that,0.4876193106174469,0.4522190988063812,0.5473989248275757,0.3234518766403198,0.281128466129303,0.2185675948858261,0.4137537479400635,0.17131653428077698,0.4137537479400635,0.1342265009880066,0.4137537479400635,0.2028811275959015,0.4137537479400635,0.1410248577594757,0.4137537479400635,0.4731321930885315,0.13824006915092468,0.6036020517349243,0.1796129047870636,0.32716336846351624
all,0.36365973949432373,0.3574998378753662,0.4860881567001343,0.29204535484313965,0.31225159764289856,0.14934051036834717,0.425624817609787,0.12072340399026871,0.425624817609787,0.13054998219013214,0.425624817609787,0.25943148136138916,0.425624817609787,0.1362432986497879,0.425624817609787,0.4542157053947449,0.10705854743719101,0.42151448130607605,0.13640019297599792,0.29575422406196594
these,0.380450963973999,0.4833051562309265,0.49086877703666687,0.3009989559650421,0.39040061831474304,0.14404374361038208,0.37613096833229065,0.18725432455539703,0.37613096833229065,0.15009766817092896,0.37613096833229065,0.18352951109409332,0.37613096833229065,0.10825547575950623,0.37613096833229065,0.5314885973930359,0.1016891822218895,0.4507283866405487,0.19799992442131042,0.2571668326854706
complexity,0.1851366013288498,0.31849509477615356,0.21171598136425018,1.0,0.29931116104125977,0.22844357788562775,0.27822354435920715,0.29234030842781067,0.27822354435920715,0.18988873064517975,0.27822354435920715,0.24594111740589142,0.27822354435920715,0.1532575488090515,0.27822354435920715,0.2520415782928467,0.3066527247428894,0.34982410073280334,0.1267222911119461,0.23062916100025177
classes,0.19161160290241241,0.2676023244857788,0.21469499170780182,0.29931116104125977,1.0000001192092896,0.0821826159954071,0.26848307251930237,0.18848758935928345,0.26848307251930237,0.1995047926902771,0.26848307251930237,0.16549146175384521,0.26848307251930237,0.16416461765766144,0.26848307251930237,0.2892279624938965,0.19862081110477448,0.2610863149166107,0.05416440591216087,0.14397528767585754
collapse,0.1491115838289261,0.14368097484111786,0.31475353240966797,0.22452467679977417,0.1551496386528015,0.09953200817108154,0.192181795835495,0.031075619161128998,0.192181795835495,0.09466138482093811,0.192181795835495,0.0579446442425251,0.192181795835495,-0.003258848562836647,0.192181795835495,0.17414039373397827,0.10657250881195068,0.1638946384191513,0.13655979931354523,0.11913932114839554
to,0.47735077142715454,0.4979398250579834,0.535392165184021,0.28336837887763977,0.2503586411476135,0.19160768389701843,0.44245919585227966,0.18952545523643494,0.44245919585227966,0.186310812830925,0.44245919585227966,0.11936014145612717,0.44245919585227966,0.1264699548482895,0.44245919585227966,0.48971283435821533,0.13309532403945923,0.4972836375236511,0.20850814878940582,0.29463258385658264
one,0.3907615840435028,0.34032124280929565,0.5514441132545471,0.30865851044654846,0.2489311844110489,0.14240844547748566,0.3696635365486145,0.17480134963989258,0.3696635365486145,0.1392679661512375,0.3696635365486145,0.23134763538837433,0.3696635365486145,0.14588887989521027,0.3696635365486145,0.42438167333602905,0.12784288823604584,0.4154875874519348,0.2584690451622009,0.2673267424106598
class,0.19154156744480133,0.14804822206497192,0.18034407496452332,0.22154183685779572,0.7096753120422363,0.13001276552677155,0.1753857135772705,0.13155943155288696,0.1753857135772705,0.1691010594367981,0.1753857135772705,0.15762148797512054,0.1753857135772705,0.06740941852331161,0.1753857135772705,0.20710228383541107,0.13727474212646484,0.1970098316669464,0.030911769717931747,0.12778934836387634
.,0.41390106081962585,0.35783761739730835,0.5934505462646484,0.21340465545654297,0.24851149320602417,0.21636275947093964,0.6812511086463928,0.19750472903251648,0.6812511086463928,0.18002064526081085,0.6812511086463928,0.2524750530719757,0.6812511086463928,0.1969415843486786,0.6812511086463928,0.588965117931366,0.30273792147636414,0.4383580684661865,0.28226932883262634,0.4130953550338745
