,what,did,josel,ask,the,city,of,strasbourg,to,forbid,the,sale,of,?
josel,0.14145724475383759,0.17029181122779846,1.0,0.12949803471565247,0.23822356760501862,0.22385630011558533,0.21895205974578857,0.3985293507575989,0.16891537606716156,0.08275935053825378,0.23822356760501862,0.24759119749069214,0.21895205974578857,0.09231944382190704
asked,0.3468177318572998,0.5203380584716797,0.21717806160449982,0.6124382615089417,0.25750473141670227,0.15490056574344635,0.20290979743003845,0.1258596032857895,0.39673250913619995,0.28810039162635803,0.25750473141670227,0.1407746523618698,0.20290979743003845,0.28475281596183777
the,0.42745697498321533,0.34736719727516174,0.23822356760501862,0.21926461160182953,1.0,0.35769423842430115,0.733189046382904,0.23444372415542603,0.535392165184021,0.24011290073394775,1.0,0.23683100938796997,0.733189046382904,0.22068053483963013
city,0.17493832111358643,0.12266099452972412,0.22385630011558533,0.11953214555978775,0.35769423842430115,1.0,0.32503411173820496,0.286662757396698,0.20300441980361938,0.17494648694992065,0.35769423842430115,0.12068264186382294,0.32503411173820496,0.13423943519592285
of,0.33290785551071167,0.2513895630836487,0.21895205974578857,0.18911920487880707,0.733189046382904,0.32503411173820496,1.0,0.2756233513355255,0.41548454761505127,0.2880786955356598,0.733189046382904,0.18532836437225342,1.0,0.1826142966747284
strasbourg,0.17556358873844147,0.11865007877349854,0.3985293507575989,0.1630047708749771,0.23444372415542603,0.286662757396698,0.2756233513355255,1.0000001192092896,0.1613924205303192,0.23112405836582184,0.23444372415542603,0.20008206367492676,0.2756233513355255,0.12678104639053345
to,0.455847829580307,0.4452643394470215,0.16891537606716156,0.3951546251773834,0.535392165184021,0.20300441980361938,0.41548454761505127,0.1613924205303192,1.0,0.3468911945819855,0.535392165184021,0.28558340668678284,0.41548454761505127,0.29463258385658264
forbid,0.32586637139320374,0.3532564043998718,0.08275935053825378,0.36030274629592896,0.24011290073394775,0.17494648694992065,0.2880786955356598,0.23112405836582184,0.3468911945819855,1.0,0.24011290073394775,0.25594303011894226,0.2880786955356598,0.3301309645175934
the,0.42745697498321533,0.34736719727516174,0.23822356760501862,0.21926461160182953,1.0,0.35769423842430115,0.733189046382904,0.23444372415542603,0.535392165184021,0.24011290073394775,1.0,0.23683100938796997,0.733189046382904,0.22068053483963013
sale,0.19106879830360413,0.17367155849933624,0.24759119749069214,0.164940744638443,0.23683100938796997,0.12068264186382294,0.18532836437225342,0.20008206367492676,0.28558340668678284,0.25594303011894226,0.23683100938796997,1.0000001192092896,0.18532836437225342,0.10629682242870331
of,0.33290785551071167,0.2513895630836487,0.21895205974578857,0.18911920487880707,0.733189046382904,0.32503411173820496,1.0,0.2756233513355255,0.41548454761505127,0.2880786955356598,0.733189046382904,0.18532836437225342,1.0,0.1826142966747284
luther,0.2134782373905182,0.23667675256729126,0.2696872353553772,0.1694738268852234,0.1759674996137619,0.1066574677824974,0.1719115972518921,0.31421807408332825,0.18029534816741943,0.22294503450393677,0.1759674996137619,0.12257428467273712,0.1719115972518921,0.1732746809720993
's,0.02692362666130066,0.05069678649306297,-0.0021682356018573046,0.024097878485918045,-0.01540423184633255,0.004406440537422895,-0.03817026689648628,0.004336394369602203,0.03782717138528824,-0.049052052199840546,-0.01540423184633255,0.02224520407617092,-0.03817026689648628,-0.023395681753754616
anti-jewish,0.24965569376945496,0.2533884048461914,0.28719496726989746,0.2857206463813782,0.2829035222530365,0.2875927984714508,0.2563115656375885,0.2551896870136261,0.28858062624931335,0.3203319311141968,0.2829035222530365,0.22135582566261292,0.2563115656375885,0.26591992378234863
works,0.2418437898159027,0.17949827015399933,0.1973487138748169,0.20437851548194885,0.26337864995002747,0.1283625364303589,0.1964656114578247,0.12115440517663956,0.22564561665058136,0.15405774116516113,0.26337864995002747,0.19619517028331757,0.1964656114578247,0.19597402215003967
:,-0.12022944539785385,-0.05305134505033493,0.04732433333992958,-0.06502138078212738,-0.03403344005346298,-0.06421580910682678,-0.08807745575904846,0.09219326078891754,-0.09243495017290115,-0.13549748063087463,-0.03403344005346298,-0.004612274933606386,-0.08807745575904846,-0.07156077772378922
they,0.4431931674480438,0.4879390597343445,0.14576108753681183,0.2959772050380707,0.49925389885902405,0.17537204921245575,0.3426007330417633,0.16451707482337952,0.5452046394348145,0.3063366711139679,0.49925389885902405,0.2373676896095276,0.3426007330417633,0.2753053903579712
refused,0.19773393869400024,0.5581128597259521,0.14707127213478088,0.38287365436553955,0.2606237530708313,0.10871024429798126,0.21729640662670135,0.16357868909835815,0.41818010807037354,0.374592125415802,0.2606237530708313,0.17974740266799927,0.21729640662670135,0.14580921828746796
initially,0.24580118060112,0.2628418803215027,0.13841287791728973,0.15031953155994415,0.2997018098831177,0.15141667425632477,0.21367986500263214,0.1627049297094345,0.30896347761154175,0.16914023458957672,0.2997018098831177,0.25233617424964905,0.21367986500263214,0.0699334517121315
",",0.3087472915649414,0.3015086054801941,0.28542959690093994,0.2689289450645447,0.4933079481124878,0.35839709639549255,0.4946078956127167,0.2589317262172699,0.44245919585227966,0.2791818380355835,0.4933079481124878,0.230073943734169,0.4946078956127167,0.31091248989105225
but,0.5029441118240356,0.49033689498901367,0.12336098402738571,0.3719583749771118,0.4859698414802551,0.22763673961162567,0.39942997694015503,0.2047349512577057,0.5542377829551697,0.29285314679145813,0.4859698414802551,0.2078961879014969,0.39942997694015503,0.27921953797340393
did,0.4259131848812103,1.0,0.17029181122779846,0.3567034602165222,0.34736719727516174,0.12266099452972412,0.2513895630836487,0.11865007877349854,0.4452643394470215,0.3532564043998718,0.34736719727516174,0.17367155849933624,0.2513895630836487,0.3023456633090973
so,0.539469838142395,0.43696269392967224,0.14396607875823975,0.46481114625930786,0.4296516180038452,0.13376829028129578,0.3184450566768646,0.2025880068540573,0.5091881155967712,0.34462597966194153,0.4296516180038452,0.170629620552063,0.3184450566768646,0.43163934350013733
when,0.4700249433517456,0.3228907287120819,0.16360701620578766,0.31148067116737366,0.5091903209686279,0.19592350721359253,0.3757161796092987,0.2201046198606491,0.5423505902290344,0.25258752703666687,0.5091903209686279,0.2140309363603592,0.3757161796092987,0.22841128706932068
a,0.3320399522781372,0.2552328109741211,0.23409926891326904,0.24988910555839539,0.5829201340675354,0.2349124401807785,0.5052502155303955,0.20692406594753265,0.45503583550453186,0.21568183600902557,0.5829201340675354,0.21573789417743683,0.5052502155303955,0.23916715383529663
lutheran,0.195865198969841,0.22012826800346375,0.28509292006492615,0.17930889129638672,0.20315466821193695,0.20779305696487427,0.2628459632396698,0.3449532091617584,0.21751753985881805,0.2060699462890625,0.20315466821193695,0.14104591310024261,0.2628459632396698,0.1752520203590393
pastor,0.14023858308792114,0.1603202521800995,0.3395870625972748,0.17774617671966553,0.13653714954853058,0.1510099470615387,0.173655703663826,0.24303865432739258,0.1851397007703781,0.21223770081996918,0.13653714954853058,0.1554848700761795,0.173655703663826,0.1683567762374878
in,0.30808621644973755,0.2593238651752472,0.23053158819675446,0.13990627229213715,0.6662389636039734,0.3911624252796173,0.5696388483047485,0.24186499416828156,0.45010748505592346,0.18220944702625275,0.6662389636039734,0.2506190836429596,0.5696388483047485,0.20430970191955566
hochfelden,0.20643551647663116,0.1471232771873474,0.5013644695281982,0.21103569865226746,0.3371390700340271,0.35713574290275574,0.3552263379096985,0.4106098711490631,0.19264239072799683,0.14787331223487854,0.3371390700340271,0.20998495817184448,0.3552263379096985,0.1508248895406723
used,0.27546408772468567,0.30443844199180603,0.14471817016601562,0.260090172290802,0.3718377649784088,0.14128099381923676,0.3075267970561981,0.15443316102027893,0.40058770775794983,0.2566453218460083,0.3718377649784088,0.22262507677078247,0.3075267970561981,0.22430120408535004
a,0.3320399522781372,0.2552328109741211,0.23409926891326904,0.24988910555839539,0.5829201340675354,0.2349124401807785,0.5052502155303955,0.20692406594753265,0.45503583550453186,0.21568183600902557,0.5829201340675354,0.21573789417743683,0.5052502155303955,0.23916715383529663
sermon,0.2927270531654358,0.22592276334762573,0.18877406418323517,0.2269778698682785,0.2812419533729553,0.20603080093860626,0.23472066223621368,0.18786568939685822,0.2613533139228821,0.30247703194618225,0.2812419533729553,0.17485088109970093,0.23472066223621368,0.24739065766334534
to,0.455847829580307,0.4452643394470215,0.16891537606716156,0.3951546251773834,0.535392165184021,0.20300441980361938,0.41548454761505127,0.1613924205303192,1.0,0.3468911945819855,0.535392165184021,0.28558340668678284,0.41548454761505127,0.29463258385658264
urge,0.3076038360595703,0.2015434354543686,0.04855431243777275,0.3687852919101715,0.19959065318107605,0.12981663644313812,0.15048980712890625,0.11785659193992615,0.3263782262802124,0.3152303695678711,0.19959065318107605,0.0943034440279007,0.15048980712890625,0.2469392716884613
his,0.26976513862609863,0.3546801507472992,0.26319167017936707,0.23492445051670074,0.4394008219242096,0.1923673152923584,0.38364991545677185,0.22241516411304474,0.3715193271636963,0.2698163092136383,0.4394008219242096,0.20112089812755585,0.38364991545677185,0.18075084686279297
parishioners,0.2751481235027313,0.27996140718460083,0.2614189088344574,0.28659701347351074,0.330160915851593,0.3308906555175781,0.33721116185188293,0.3576502799987793,0.3358151614665985,0.294107586145401,0.330160915851593,0.32098427414894104,0.33721116185188293,0.171234130859375
to,0.455847829580307,0.4452643394470215,0.16891537606716156,0.3951546251773834,0.535392165184021,0.20300441980361938,0.41548454761505127,0.1613924205303192,1.0,0.3468911945819855,0.535392165184021,0.28558340668678284,0.41548454761505127,0.29463258385658264
murder,0.24129441380500793,0.1921606808900833,0.1836048811674118,0.18347537517547607,0.2102532833814621,0.11807881295681,0.21325260400772095,0.14012058079242706,0.15465311706066132,0.22846204042434692,0.2102532833814621,0.17567183077335358,0.21325260400772095,0.1855451613664627
jews,0.22131574153900146,0.23080717027187347,0.1992202252149582,0.19758912920951843,0.24901628494262695,0.21510004997253418,0.2207300066947937,0.19635088741779327,0.22399327158927917,0.3604092597961426,0.24901628494262695,0.15505629777908325,0.2207300066947937,0.16730794310569763
.,0.3567904531955719,0.35288307070732117,0.2706959843635559,0.2994236946105957,0.5934505462646484,0.29856356978416443,0.5352458953857422,0.28855475783348083,0.4645031690597534,0.2442009001970291,0.5934505462646484,0.23010660707950592,0.5352458953857422,0.4130953550338745
