,who,is,the,only,other,afc,champion,team,to,wear,road,jerseys,in,a,super,bowl,?
the,0.3733934462070465,0.5823672413825989,1.0,0.5497692227363586,0.44152235984802246,0.25863510370254517,0.23575055599212646,0.22564226388931274,0.535392165184021,0.27011215686798096,0.27181798219680786,0.279405415058136,0.6662389636039734,0.5829201340675354,0.21959073841571808,0.21576224267482758,0.22068053483963013
only,0.4202229380607605,0.44708555936813354,0.5497692227363586,1.0,0.43831267952919006,0.22832630574703217,0.17840930819511414,0.14910441637039185,0.5096819996833801,0.19949917495250702,0.12197449058294296,0.23637858033180237,0.42992329597473145,0.47549712657928467,0.2209789752960205,0.1793411821126938,0.2767370045185089
other,0.3612329661846161,0.25895947217941284,0.44152235984802246,0.43831267952919006,0.9999999403953552,0.17184513807296753,0.10454722493886948,0.15695661306381226,0.4193183183670044,0.23732523620128632,0.14551588892936707,0.25116103887557983,0.39989137649536133,0.2806335389614105,0.15647977590560913,0.12835361063480377,0.24682199954986572
afc,0.13655321300029755,0.16175919771194458,0.25863510370254517,0.22832630574703217,0.17184513807296753,1.0,0.40495696663856506,0.40331706404685974,0.18302594125270844,0.15818652510643005,0.10557936877012253,0.30319443345069885,0.20746317505836487,0.13271647691726685,0.37206512689590454,0.41199249029159546,0.2026895433664322
champion,0.17719091475009918,0.1624361276626587,0.23575055599212646,0.17840930819511414,0.10454722493886948,0.40495696663856506,1.0,0.41956013441085815,0.19018547236919403,0.17339611053466797,0.20672179758548737,0.31765931844711304,0.1986149251461029,0.1898709237575531,0.3463263213634491,0.34389644861221313,0.14080514013767242
team,0.22248858213424683,0.14871908724308014,0.22564226388931274,0.14910441637039185,0.15695661306381226,0.40331706404685974,0.41956013441085815,1.0,0.23889471590518951,0.17859122157096863,0.21200257539749146,0.3443291187286377,0.18841172754764557,0.19125498831272125,0.23339706659317017,0.20460736751556396,0.11243411153554916
to,0.42656609416007996,0.42745086550712585,0.535392165184021,0.5096819996833801,0.4193183183670044,0.18302594125270844,0.19018547236919403,0.23889471590518951,1.0,0.28873685002326965,0.21026462316513062,0.3111730217933655,0.45010748505592346,0.45503583550453186,0.17783479392528534,0.16993016004562378,0.29463258385658264
have,0.39246654510498047,0.3613572418689728,0.40389683842658997,0.5199421048164368,0.559082567691803,0.1852124035358429,0.1374596357345581,0.16041462123394012,0.4544740617275238,0.33801281452178955,0.13440147042274475,0.28025034070014954,0.36843645572662354,0.338716596364975,0.19903038442134857,0.19536113739013672,0.32991164922714233
worn,0.24751344323158264,0.13066698610782623,0.23708905279636383,0.1751384735107422,0.21334634721279144,0.13565868139266968,0.19497083127498627,0.1941991001367569,0.18714819848537445,0.7105575203895569,0.21150916814804077,0.48177334666252136,0.17506258189678192,0.18595445156097412,0.1277799755334854,0.13037872314453125,0.09836873412132263
white,0.19768168032169342,0.18489928543567657,0.25492873787879944,0.26040276885032654,0.2389199435710907,0.13879431784152985,0.13874876499176025,0.1012396290898323,0.23700939118862152,0.25586411356925964,0.12117187678813934,0.31623485684394836,0.1821274310350418,0.2137410044670105,0.11256568133831024,0.17490817606449127,0.124679796397686
as,0.3923053741455078,0.43216490745544434,0.48381632566452026,0.41781148314476013,0.42805421352386475,0.18916966021060944,0.1872032731771469,0.14189721643924713,0.42092081904411316,0.21440273523330688,0.14971306920051575,0.23326656222343445,0.3887844979763031,0.39550232887268066,0.21450649201869965,0.14539222419261932,0.27043893933296204
the,0.3733934462070465,0.5823672413825989,1.0,0.5497692227363586,0.44152235984802246,0.25863510370254517,0.23575055599212646,0.22564226388931274,0.535392165184021,0.27011215686798096,0.27181798219680786,0.279405415058136,0.6662389636039734,0.5829201340675354,0.21959073841571808,0.21576224267482758,0.22068053483963013
designated,0.08669188618659973,0.20732922852039337,0.23178240656852722,0.2023811936378479,0.1616896390914917,0.13634257018566132,0.17735867202281952,0.17280033230781555,0.194892019033432,0.20904937386512756,0.14740833640098572,0.26414793729782104,0.25212356448173523,0.2710168659687042,0.14785414934158325,0.16266454756259918,0.1318070888519287
home,0.2542758285999298,0.22316986322402954,0.28978195786476135,0.24802060425281525,0.2030264139175415,0.16574546694755554,0.1688181608915329,0.2163287252187729,0.31056779623031616,0.15464168787002563,0.2210714966058731,0.222715362906456,0.30467477440834045,0.26260659098625183,0.12418482452630997,0.1429641842842102,0.0757145956158638
team,0.22248858213424683,0.14871908724308014,0.22564226388931274,0.14910441637039185,0.15695661306381226,0.40331706404685974,0.41956013441085815,1.0,0.23889471590518951,0.17859122157096863,0.21200257539749146,0.3443291187286377,0.18841172754764557,0.19125498831272125,0.23339706659317017,0.20460736751556396,0.11243411153554916
in,0.2792111933231354,0.5394441485404968,0.6662389636039734,0.42992329597473145,0.39989137649536133,0.20746317505836487,0.1986149251461029,0.18841172754764557,0.45010748505592346,0.20694924890995026,0.23586870729923248,0.2633516192436218,1.0,0.539380669593811,0.18576006591320038,0.17236235737800598,0.20430970191955566
the,0.3733934462070465,0.5823672413825989,1.0,0.5497692227363586,0.44152235984802246,0.25863510370254517,0.23575055599212646,0.22564226388931274,0.535392165184021,0.27011215686798096,0.27181798219680786,0.279405415058136,0.6662389636039734,0.5829201340675354,0.21959073841571808,0.21576224267482758,0.22068053483963013
super,0.1819351613521576,0.15390309691429138,0.21959073841571808,0.2209789752960205,0.15647977590560913,0.37206512689590454,0.3463263213634491,0.23339706659317017,0.17783479392528534,0.10551737993955612,0.10741297155618668,0.23186436295509338,0.18576006591320038,0.26005712151527405,1.0000001192092896,0.4848237931728363,0.166326642036438
bowl,0.09189514070749283,0.14233897626399994,0.21576224267482758,0.1793411821126938,0.12835361063480377,0.41199249029159546,0.34389644861221313,0.20460736751556396,0.16993016004562378,0.0700678676366806,0.18759363889694214,0.19441187381744385,0.17236235737800598,0.19533146917819977,0.4848237931728363,1.0,0.21118052303791046
was,0.3318818509578705,0.5810302495956421,0.48711544275283813,0.36249664425849915,0.14651623368263245,0.1794671267271042,0.24402377009391785,0.13986483216285706,0.3636345863342285,0.16459625959396362,0.21728332340717316,0.18702057003974915,0.45514053106307983,0.4508470594882965,0.21420986950397491,0.21915455162525177,0.18412111699581146
the,0.3733934462070465,0.5823672413825989,1.0,0.5497692227363586,0.44152235984802246,0.25863510370254517,0.23575055599212646,0.22564226388931274,0.535392165184021,0.27011215686798096,0.27181798219680786,0.279405415058136,0.6662389636039734,0.5829201340675354,0.21959073841571808,0.21576224267482758,0.22068053483963013
pittsburgh,0.19273275136947632,0.13176259398460388,0.22728557884693146,0.1594105362892151,0.13019879162311554,0.3145372271537781,0.29365456104278564,0.2527274489402771,0.16627483069896698,0.17208756506443024,0.17084257304668427,0.382728636264801,0.1921023428440094,0.18535149097442627,0.24357150495052338,0.33354419469833374,0.17622371017932892
steelers,0.2024606466293335,0.12867897748947144,0.24458691477775574,0.18299302458763123,0.14507025480270386,0.5093450546264648,0.38726282119750977,0.37284547090530396,0.20648124814033508,0.2409016340970993,0.16784213483333588,0.4027216136455536,0.16642944514751434,0.1762682944536209,0.3600083291530609,0.47470611333847046,0.2030561864376068
;,0.007937713526189327,0.05324986204504967,0.09152708947658539,0.11739356070756912,0.13311924040317535,0.13368192315101624,-0.004043813329190016,0.06688904762268066,0.0979827418923378,0.004386349581182003,0.03766179829835892,0.08478832244873047,0.092739537358284,-0.02122584730386734,0.0580664724111557,0.03451862558722496,0.10349778085947037
they,0.47879111766815186,0.330102801322937,0.49925389885902405,0.499859482049942,0.5182796120643616,0.21711619198322296,0.16462290287017822,0.22993488609790802,0.5452046394348145,0.3285354971885681,0.1587822437286377,0.327194482088089,0.4330179989337921,0.3528250455856323,0.1988932192325592,0.18658970296382904,0.2753053903579712
defeated,0.24426424503326416,0.11997199058532715,0.2833898365497589,0.20253896713256836,0.13461410999298096,0.241952583193779,0.40539517998695374,0.2748386263847351,0.22105613350868225,0.18643559515476227,0.1388348788022995,0.2199261337518692,0.24813973903656006,0.12193045020103455,0.22541621327400208,0.24224305152893066,0.1413237303495407
the,0.3733934462070465,0.5823672413825989,1.0,0.5497692227363586,0.44152235984802246,0.25863510370254517,0.23575055599212646,0.22564226388931274,0.535392165184021,0.27011215686798096,0.27181798219680786,0.279405415058136,0.6662389636039734,0.5829201340675354,0.21959073841571808,0.21576224267482758,0.22068053483963013
seattle,0.22585025429725647,0.1742648482322693,0.2813572883605957,0.19157546758651733,0.18425564467906952,0.34322813153266907,0.2432035654783249,0.2672891318798065,0.2056986689567566,0.19708159565925598,0.158384770154953,0.32470574975013733,0.24961012601852417,0.23330573737621307,0.1829979568719864,0.24477511644363403,0.16032689809799194
seahawks,0.22294078767299652,0.17050036787986755,0.24584239721298218,0.21602244675159454,0.15177588164806366,0.5103908181190491,0.38277730345726013,0.4221284091472626,0.20907588303089142,0.18339593708515167,0.20816676318645477,0.43391314148902893,0.17017868161201477,0.19143040478229523,0.341962605714798,0.4412001073360443,0.20517028868198395
21–10,0.25783681869506836,0.01919659972190857,0.05599888041615486,0.002509011887013912,0.006603722460567951,0.1415461301803589,0.1281505972146988,0.024849390611052513,0.04698405787348747,0.10032737255096436,-0.013052896596491337,0.0659288614988327,0.059069715440273285,0.018564337864518166,0.02038663811981678,0.031364135444164276,-0.003998087719082832
in,0.2792111933231354,0.5394441485404968,0.6662389636039734,0.42992329597473145,0.39989137649536133,0.20746317505836487,0.1986149251461029,0.18841172754764557,0.45010748505592346,0.20694924890995026,0.23586870729923248,0.2633516192436218,1.0,0.539380669593811,0.18576006591320038,0.17236235737800598,0.20430970191955566
super,0.1819351613521576,0.15390309691429138,0.21959073841571808,0.2209789752960205,0.15647977590560913,0.37206512689590454,0.3463263213634491,0.23339706659317017,0.17783479392528534,0.10551737993955612,0.10741297155618668,0.23186436295509338,0.18576006591320038,0.26005712151527405,1.0000001192092896,0.4848237931728363,0.166326642036438
bowl,0.09189514070749283,0.14233897626399994,0.21576224267482758,0.1793411821126938,0.12835361063480377,0.41199249029159546,0.34389644861221313,0.20460736751556396,0.16993016004562378,0.0700678676366806,0.18759363889694214,0.19441187381744385,0.17236235737800598,0.19533146917819977,0.4848237931728363,1.0,0.21118052303791046
xl,0.06262558698654175,0.14349497854709625,0.1981106549501419,0.21851950883865356,0.08878599107265472,0.3856022357940674,0.3304430842399597,0.2420329451560974,0.13573813438415527,0.07824116200208664,0.14980436861515045,0.20961549878120422,0.14568614959716797,0.21151840686798096,0.45854708552360535,0.4657162129878998,0.20556752383708954
10,0.2045697718858719,0.1865890771150589,0.2880653440952301,0.14088043570518494,0.24179062247276306,0.1836244910955429,0.05238323658704758,0.00830366462469101,0.18753696978092194,0.2090042233467102,0.09282045066356659,0.13924933969974518,0.22690178453922272,0.12933704257011414,0.053164973855018616,0.06414627283811569,0.022911956533789635
seasons,0.1471238136291504,0.18750202655792236,0.24226845800876617,0.2259971797466278,0.15657953917980194,0.30868256092071533,0.21489675343036652,0.2979760766029358,0.19496004283428192,0.15217213332653046,0.15591000020503998,0.35378336906433105,0.2194332778453827,0.17958885431289673,0.2289879471063614,0.3152643144130707,0.13766995072364807
prior,0.21688687801361084,0.14228065311908722,0.33782097697257996,0.33743491768836975,0.11397721618413925,0.20213285088539124,0.20982706546783447,0.19271838665008545,0.264421671628952,0.13868658244609833,0.10293332487344742,0.1596008837223053,0.24521231651306152,0.22647660970687866,0.22880366444587708,0.22557669878005981,0.16978254914283752
.,0.3541337847709656,0.4569662809371948,0.5934505462646484,0.49507418274879456,0.41511186957359314,0.28921979665756226,0.21011604368686676,0.26467522978782654,0.4645031690597534,0.17660145461559296,0.25112080574035645,0.26576319336891174,0.5591574311256409,0.50484299659729,0.2757420241832733,0.21516893804073334,0.4130953550338745
