,how,many,muslims,came,from,around,the,world,to,fight,in,afghanistan,?
while,0.2918691337108612,0.3748262822628021,0.26552605628967285,0.24390414357185364,0.35008183121681213,0.3796277642250061,0.39804592728614807,0.22000740468502045,0.43899232149124146,0.26507991552352905,0.3399278521537781,0.17354030907154083,0.21076419949531555
the,0.33890387415885925,0.4335206151008606,0.2657718360424042,0.39390382170677185,0.40150508284568787,0.40085816383361816,1.0,0.33604270219802856,0.535392165184021,0.28874441981315613,0.6662389636039734,0.28314414620399475,0.22068053483963013
military,0.15955743193626404,0.26263177394866943,0.15632888674736023,0.160197913646698,0.19967688620090485,0.19323156774044037,0.2290858030319214,0.23378613591194153,0.2282337248325348,0.22882449626922607,0.2402431070804596,0.35833290219306946,0.1890317052602768
effectiveness,0.3724817931652069,0.28140053153038025,0.24551399052143097,0.1190502718091011,0.15749867260456085,0.16794203221797943,0.2544728219509125,0.15371854603290558,0.31169798970222473,0.20904895663261414,0.1857680082321167,0.1723829209804535,0.2115587443113327
of,0.2480744868516922,0.37253960967063904,0.22355489432811737,0.3201526999473572,0.4249346852302551,0.3296394646167755,0.733189046382904,0.2828933000564575,0.41548454761505127,0.20101141929626465,0.5696388483047485,0.2363988608121872,0.1826142966747284
these,0.41104358434677124,0.7077717185020447,0.26422223448753357,0.24194829165935516,0.2928802967071533,0.38657334446907043,0.49086877703666687,0.2827940285205841,0.46852558851242065,0.28578120470046997,0.3791837692260742,0.21136191487312317,0.2571668326854706
``,-0.01591024175286293,0.012824942357838154,0.14383342862129211,0.009134616702795029,0.02677825279533863,0.052384864538908005,0.029072100296616554,-0.0740956962108612,0.06720756739377975,0.05983923003077507,0.04765888676047325,0.15987719595432281,0.0685480609536171
afghan,0.17017237842082977,0.2001866102218628,0.3530362844467163,0.1364317387342453,0.14255806803703308,0.17260205745697021,0.24034889042377472,0.22826935350894928,0.18846796452999115,0.1872313767671585,0.17469824850559235,0.8001843690872192,0.10384320467710495
arabs,0.1539725363254547,0.26090648770332336,0.5204464197158813,0.31575775146484375,0.18308325111865997,0.29011496901512146,0.2739878296852112,0.20431174337863922,0.23400014638900757,0.258252888917923,0.1666572540998459,0.3933510482311249,0.12848976254463196
'',-0.0029843549709767103,-0.016843097284436226,-0.018748775124549866,0.06486699730157852,-0.011389154009521008,-0.025410326197743416,0.041273195296525955,-0.07833857089281082,-0.009905828163027763,-0.09271175414323807,0.07432962208986282,0.004211789462715387,0.018684765323996544
was,0.16678167879581451,0.260356068611145,0.18350748717784882,0.4994563162326813,0.31171464920043945,0.24039418995380402,0.48711544275283813,0.3097524344921112,0.3636345863342285,0.2078418880701065,0.45514053106307983,0.18056072294712067,0.18412111699581146
marginal,0.1918887495994568,0.24175238609313965,0.1657465249300003,0.07465288788080215,0.1653706431388855,0.19884803891181946,0.30781733989715576,0.17312224209308624,0.24389700591564178,0.028128385543823242,0.20638422667980194,0.19100554287433624,0.18376903235912323
",",0.22659391164779663,0.40610817074775696,0.19662503898143768,0.3049119710922241,0.39760664105415344,0.3298884332180023,0.4933079481124878,0.26091980934143066,0.44245919585227966,0.23247352242469788,0.5201468467712402,0.21547061204910278,0.31091248989105225
an,0.2520636022090912,0.2465583086013794,0.15242241322994232,0.18223494291305542,0.20876385271549225,0.25606366991996765,0.4207492768764496,0.15716314315795898,0.3138085603713989,0.09926872700452805,0.2605783939361572,0.12627354264259338,0.19793890416622162
estimated,0.21406520903110504,0.25811848044395447,0.1680404543876648,0.18805067241191864,0.19972248375415802,0.3511907160282135,0.29184040427207947,0.22710774838924408,0.2046545445919037,0.1256617307662964,0.2508986294269562,0.24442431330680847,0.18149758875370026
"16,000",0.006419086828827858,-0.08435725420713425,-0.05872432887554169,-0.01389226969331503,0.13514046370983124,-0.10394106060266495,0.052542198449373245,-0.08448807895183563,0.09143844246864319,-0.04038987308740616,0.058663260191679,-0.07612866908311844,0.22946134209632874
to,0.44169697165489197,0.40243685245513916,0.2779776453971863,0.3111628592014313,0.4069952368736267,0.3591267168521881,0.535392165184021,0.26213452219963074,1.0,0.3154832720756531,0.45010748505592346,0.20390678942203522,0.29463258385658264
"35,000",0.14702372252941132,0.1273716539144516,0.0689794197678566,-0.025132691487669945,0.1525970697402954,0.11189703643321991,0.12094029784202576,-0.015007849782705307,0.10330583155155182,0.1118607223033905,0.08015558868646622,0.09243921935558319,0.0854649618268013
muslim,0.15612904727458954,0.23440518975257874,0.8315048217773438,0.21536752581596375,0.14690551161766052,0.24562475085258484,0.28099653124809265,0.24435073137283325,0.2551989257335663,0.12852108478546143,0.2092999517917633,0.4334888160228729,0.17456822097301483
volunteers,0.22305914759635925,0.22779403626918793,0.2626533806324005,0.1977754682302475,0.16157139837741852,0.22622692584991455,0.250416100025177,0.2040780633687973,0.2787027060985565,0.25923892855644226,0.2892071008682251,0.137623593211174,0.2384699285030365
came,0.24875548481941223,0.3323473334312439,0.2444499433040619,1.0,0.3432687819004059,0.26019760966300964,0.39390382170677185,0.22406521439552307,0.3111628592014313,0.21912837028503418,0.29996100068092346,0.14639459550380707,0.1739392727613449
from,0.22939439117908478,0.33099696040153503,0.12474609166383743,0.3432687819004059,1.0,0.3577364683151245,0.40150508284568787,0.22603429853916168,0.4069952368736267,0.19085146486759186,0.4274188280105591,0.13156113028526306,0.19969791173934937
around,0.3297552764415741,0.4112928509712219,0.25831660628318787,0.26019760966300964,0.3577364683151245,1.0,0.40085816383361816,0.34136298298835754,0.3591267168521881,0.18773038685321808,0.41294145584106445,0.20221389830112457,0.14729668200016022
the,0.33890387415885925,0.4335206151008606,0.2657718360424042,0.39390382170677185,0.40150508284568787,0.40085816383361816,1.0,0.33604270219802856,0.535392165184021,0.28874441981315613,0.6662389636039734,0.28314414620399475,0.22068053483963013
world,0.25969967246055603,0.3418862819671631,0.22548392415046692,0.22406521439552307,0.22603429853916168,0.34136298298835754,0.33604270219802856,1.0000001192092896,0.26213452219963074,0.25914761424064636,0.3038199245929718,0.23306508362293243,0.17579582333564758
came,0.24875548481941223,0.3323473334312439,0.2444499433040619,1.0,0.3432687819004059,0.26019760966300964,0.39390382170677185,0.22406521439552307,0.3111628592014313,0.21912837028503418,0.29996100068092346,0.14639459550380707,0.1739392727613449
to,0.44169697165489197,0.40243685245513916,0.2779776453971863,0.3111628592014313,0.4069952368736267,0.3591267168521881,0.535392165184021,0.26213452219963074,1.0,0.3154832720756531,0.45010748505592346,0.20390678942203522,0.29463258385658264
fight,0.3228517174720764,0.29671403765678406,0.16883964836597443,0.21912837028503418,0.19085146486759186,0.18773038685321808,0.28874441981315613,0.25914761424064636,0.3154832720756531,1.0000001192092896,0.20735964179039001,0.16985604166984558,0.16463038325309753
in,0.2601168751716614,0.41474202275276184,0.18662098050117493,0.29996100068092346,0.4274188280105591,0.41294145584106445,0.6662389636039734,0.3038199245929718,0.45010748505592346,0.20735964179039001,1.0,0.2505266070365906,0.20430970191955566
afghanistan,0.1569177508354187,0.23397287726402283,0.3615114986896515,0.14639459550380707,0.13156113028526306,0.20221389830112457,0.28314414620399475,0.23306508362293243,0.20390678942203522,0.16985604166984558,0.2505266070365906,1.0000001192092896,0.1478135734796524
.,0.3287222981452942,0.3974229395389557,0.23631970584392548,0.26265060901641846,0.41536515951156616,0.3712388277053833,0.5934505462646484,0.3177160322666168,0.4645031690597534,0.263308584690094,0.5591574311256409,0.2578941881656647,0.4130953550338745
