,on,what,date,did,henry,kissinger,negotiate,an,israeli,troop,withdrawal,from,the,sinai,peninsula,?
by,0.33887791633605957,0.2455483376979828,0.1930214762687683,0.18574509024620056,0.23741036653518677,0.24618059396743774,0.15877382457256317,0.2719563841819763,0.19080610573291779,0.27946725487709045,0.15426865220069885,0.3373257517814636,0.4408751428127289,0.16512584686279297,0.1717061996459961,0.17966607213020325
january,0.3576357066631317,0.19257698953151703,0.17253874242305756,0.23508968949317932,0.19491450488567352,0.3091095983982086,0.21939224004745483,0.247449591755867,0.16841022670269012,0.14407137036323547,0.22905318439006805,0.20058557391166687,0.2467057853937149,0.14711587131023407,0.14832986891269684,0.28608936071395874
18,-0.049966923892498016,-0.09284763038158417,-0.05218334496021271,-0.16295963525772095,-0.04304829239845276,0.0009936990682035685,-0.16427713632583618,-0.04713568091392517,0.03773677349090576,0.020045531913638115,0.02266765758395195,0.020899292081594467,-0.07796193659305573,-0.06577079743146896,-0.0560721680521965,-0.04919438064098358
",",0.49057599902153015,0.3087472915649414,0.2279704213142395,0.3015086054801941,0.25662001967430115,0.3574298322200775,0.16973349452018738,0.3581022024154663,0.1885737180709839,0.17087635397911072,0.1805243343114853,0.39760664105415344,0.4933079481124878,0.2662917375564575,0.23118335008621216,0.31091248989105225
1974,0.049748875200748444,-0.05855642259120941,-0.05507058650255203,-0.07115182280540466,0.11389576643705368,0.05680295452475548,0.09998562932014465,-0.047612957656383514,-0.04388108849525452,0.04215935617685318,-0.060919709503650665,0.01169129554182291,0.07901259511709213,0.0571141242980957,0.16813236474990845,-0.17742674052715302
",",0.49057599902153015,0.3087472915649414,0.2279704213142395,0.3015086054801941,0.25662001967430115,0.3574298322200775,0.16973349452018738,0.3581022024154663,0.1885737180709839,0.17087635397911072,0.1805243343114853,0.39760664105415344,0.4933079481124878,0.2662917375564575,0.23118335008621216,0.31091248989105225
us,0.2646999955177307,0.32081687450408936,0.22167427837848663,0.23250600695610046,0.1029970794916153,0.17770971357822418,0.14813220500946045,0.1722210943698883,0.17127187550067902,0.2210945188999176,0.11877495795488358,0.24183706939220428,0.25727739930152893,0.20374345779418945,0.08299554139375687,0.2742428481578827
secretary,0.18767742812633514,0.14278742671012878,0.11623769998550415,0.18588460981845856,0.25089189410209656,0.4199121594429016,0.3200345039367676,0.15813331305980682,0.1942252516746521,0.2660377323627472,0.16082614660263062,0.1959937959909439,0.23160062730312347,0.09351745247840881,0.11430178582668304,0.10113837569952011
of,0.3966929316520691,0.33290785551071167,0.19568462669849396,0.2513895630836487,0.2390729784965515,0.2343144565820694,0.20997712016105652,0.32280945777893066,0.07325319200754166,0.1970508098602295,0.23345902562141418,0.4249346852302551,0.733189046382904,0.21369516849517822,0.2414405792951584,0.1826142966747284
state,0.18138433992862701,0.24273863434791565,0.1798696517944336,0.152080237865448,0.15999531745910645,0.29352062940597534,0.249110609292984,0.2181641161441803,0.1758098602294922,0.15184049308300018,0.16809037327766418,0.29024070501327515,0.3097178041934967,0.14817674458026886,0.2679133117198944,0.1160883978009224
henry,0.214147686958313,0.1911626160144806,0.13680718839168549,0.22827239334583282,1.0,0.3770841658115387,0.19621874392032623,0.1634841114282608,0.15977349877357483,0.14174295961856842,0.11842967569828033,0.16907568275928497,0.2542637586593628,0.15665630996227264,0.15686404705047607,0.16836383938789368
kissinger,0.2046005129814148,0.2272820770740509,0.1878069043159485,0.2023489773273468,0.3770841658115387,1.0,0.24727317690849304,0.10551603138446808,0.2526353597640991,0.25264278054237366,0.22531677782535553,0.1945854127407074,0.23669348657131195,0.14444220066070557,0.1783464103937149,0.21159520745277405
had,0.36692994832992554,0.23849567770957947,0.1289709359407425,0.540525496006012,0.25164878368377686,0.24007567763328552,0.2613738775253296,0.22327841818332672,0.1991305947303772,0.22337889671325684,0.25298431515693665,0.3075238764286041,0.3875846862792969,0.25556403398513794,0.18742799758911133,0.20728366076946259
negotiated,0.17712074518203735,0.10894132405519485,0.2014440894126892,0.280305415391922,0.22148655354976654,0.30264830589294434,0.9073895812034607,0.21282216906547546,0.20253227651119232,0.2584485113620758,0.33453667163848877,0.15403197705745697,0.2594250440597534,0.18582522869110107,0.17524772882461548,0.09223373234272003
an,0.3192969560623169,0.2821882665157318,0.1483449637889862,0.22598257660865784,0.1634841114282608,0.10551603138446808,0.1810292899608612,1.0,0.19129367172718048,0.1430412083864212,0.19203023612499237,0.20876385271549225,0.4207492768764496,0.15289928019046783,0.14738890528678894,0.19793890416622162
israeli,0.14711123704910278,0.09620342403650284,0.15225259959697723,0.1267569363117218,0.15977349877357483,0.2526353597640991,0.17993785440921783,0.19129367172718048,1.0,0.20407500863075256,0.18735574185848236,0.1166970431804657,0.14381162822246552,0.40855735540390015,0.14427265524864197,0.12899450957775116
troop,0.1977471560239792,0.12768682837486267,0.08932198584079742,0.12767009437084198,0.14174295961856842,0.25264278054237366,0.26675471663475037,0.1430412083864212,0.20407500863075256,1.0,0.29239797592163086,0.126799538731575,0.2688431143760681,0.16160544753074646,0.21447129547595978,0.14549945294857025
withdrawal,0.17637240886688232,0.23945844173431396,0.17453019320964813,0.23112821578979492,0.11842967569828033,0.22531677782535553,0.2989588677883148,0.19203023612499237,0.18735574185848236,0.29239797592163086,0.9999999403953552,0.21952497959136963,0.3067931830883026,0.2828208804130554,0.17104960978031158,0.11406612396240234
from,0.36926645040512085,0.2737620174884796,0.20628158748149872,0.20248863101005554,0.16907568275928497,0.1945854127407074,0.15768705308437347,0.20876385271549225,0.1166970431804657,0.126799538731575,0.21952497959136963,1.0,0.40150508284568787,0.23840667307376862,0.21005813777446747,0.19969791173934937
parts,0.26594671607017517,0.3415631353855133,0.08174952119588852,0.19881683588027954,0.17397789657115936,0.0977175235748291,0.06501056253910065,0.2022421658039093,0.0621839314699173,0.1146702989935875,0.20320677757263184,0.2734678387641907,0.4042440354824066,0.1852031648159027,0.29055288434028625,0.12310896813869476
of,0.3966929316520691,0.33290785551071167,0.19568462669849396,0.2513895630836487,0.2390729784965515,0.2343144565820694,0.20997712016105652,0.32280945777893066,0.07325319200754166,0.1970508098602295,0.23345902562141418,0.4249346852302551,0.733189046382904,0.21369516849517822,0.2414405792951584,0.1826142966747284
the,0.5107308030128479,0.42745697498321533,0.25333094596862793,0.34736719727516174,0.2542637586593628,0.23669348657131195,0.23700475692749023,0.4207492768764496,0.14381162822246552,0.2688431143760681,0.3067931830883026,0.40150508284568787,1.0,0.26769325137138367,0.24185490608215332,0.22068053483963013
sinai,0.29081109166145325,0.21837218105793,0.14387451112270355,0.1807214468717575,0.15665630996227264,0.14444220066070557,0.15325047075748444,0.15289928019046783,0.40855735540390015,0.16160544753074646,0.2828208804130554,0.23840667307376862,0.26769325137138367,0.9999999403953552,0.382851779460907,0.13518419861793518
peninsula,0.2339400053024292,0.22160862386226654,0.11977554857730865,0.0987195074558258,0.15686404705047607,0.1783464103937149,0.16671134531497955,0.14738890528678894,0.14427265524864197,0.21447129547595978,0.17104960978031158,0.21005813777446747,0.24185490608215332,0.382851779460907,1.0000001192092896,0.142807275056839
.,0.49257001280784607,0.3567904531955719,0.2508279085159302,0.35288307070732117,0.3065545856952667,0.2984859347343445,0.1784079372882843,0.3581749200820923,0.13907812535762787,0.1992766410112381,0.1739749163389206,0.41536515951156616,0.5934505462646484,0.24385367333889008,0.1883990615606308,0.4130953550338745
