,what,may,be,named,after,a,biblical,figure,?
methodist,0.17637217044830322,0.1515430063009262,0.11651849001646042,0.1859467774629593,0.22020721435546875,0.24651029706001282,0.34481754899024963,0.12280958890914917,0.1436992734670639
institutions,0.22018329799175262,0.18042130768299103,0.23006395995616913,0.1364389806985855,0.17671841382980347,0.20288343727588654,0.2587485611438751,0.1510757952928543,0.19119486212730408
may,0.25739946961402893,0.9999998807907104,0.45514434576034546,0.14601178467273712,0.325364887714386,0.29255667328834534,0.14406277239322662,0.15117280185222626,0.2768254578113556
be,0.3929833769798279,0.45514434576034546,1.0,0.17938804626464844,0.32360681891441345,0.39883795380592346,0.1760798543691635,0.24658392369747162,0.3324260413646698
named,0.1525408923625946,0.14601178467273712,0.17938804626464844,1.0,0.4528660774230957,0.3292267918586731,0.16260629892349243,0.11865974962711334,0.1297498345375061
after,0.21973377466201782,0.325364887714386,0.32360681891441345,0.4528660774230957,1.0,0.3831600844860077,0.1694004386663437,0.16684812307357788,0.16608688235282898
a,0.3320399522781372,0.29255667328834534,0.39883795380592346,0.3292267918586731,0.3831600844860077,1.0,0.11185035854578018,0.2584710121154785,0.23916715383529663
biblical,0.28585752844810486,0.14406277239322662,0.1760798543691635,0.16260629892349243,0.1694004386663437,0.11185035854578018,1.0,0.2317921221256256,0.1909967064857483
figure,0.2582065463066101,0.15117280185222626,0.24658392369747162,0.11865974962711334,0.16684812307357788,0.2584710121154785,0.2317921221256256,1.0,0.21107101440429688
(,0.2411840260028839,0.35500821471214294,0.2349044382572174,0.19926521182060242,0.2132600098848343,0.3206180930137634,0.14584098756313324,0.22864533960819244,0.40561532974243164
e.g.,0.04733210429549217,-0.058919649571180344,-0.034572865813970566,-0.06465836614370346,-0.13342946767807007,0.00869368202984333,0.0434684231877327,-0.003752913558855653,0.018727071583271027
",",0.3087472915649414,0.5007920861244202,0.39254459738731384,0.2530003488063812,0.38860568404197693,0.427140474319458,0.20474766194820404,0.2352312207221985,0.31091248989105225
``,0.008517155423760414,0.13614267110824585,0.07670000940561295,-0.019022341817617416,0.040442656725645065,0.07272057235240936,-0.004129244014620781,0.10286550223827362,0.0685480609536171
st.,0.10219959169626236,0.13692975044250488,0.16727527976036072,0.16113696992397308,0.12132462114095688,0.23918339610099792,0.2059704214334488,0.1467556208372116,0.13592876493930817
james,0.20536290109157562,0.14043667912483215,0.08141086995601654,0.22529219090938568,0.21556003391742706,0.19130736589431763,0.25278252363204956,0.1174822598695755,0.12139993160963058
umc,0.2557855546474457,0.1511158049106598,0.22188781201839447,0.1662898063659668,0.15637607872486115,0.19728222489356995,0.27434802055358887,0.17811782658100128,0.2609967589378357
'',0.08143015950918198,0.020231230184435844,0.08835477381944656,-0.021026458591222763,-0.08605624735355377,0.04890415817499161,0.050412751734256744,0.11293390393257141,0.018684765323996544
),0.26259949803352356,0.3756577968597412,0.24578070640563965,0.19075927138328552,0.24162524938583374,0.3640355169773102,0.16068598628044128,0.24559372663497925,0.42300865054130554
.,0.3567904531955719,0.35826805233955383,0.4383580684661865,0.24760639667510986,0.35870397090911865,0.50484299659729,0.15590158104896545,0.24939633905887604,0.4130953550338745
