,the,umc,believes,that,jesus,abolished,the,death,penalty,in,what,bible,verse,?
the,1.0,0.21262750029563904,0.2598399519920349,0.5473989248275757,0.23073002696037292,0.3050917983055115,1.0,0.21438048779964447,0.21881432831287384,0.6662389636039734,0.42745697498321533,0.27647915482521057,0.21855001151561737,0.22068053483963013
united,0.34367692470550537,0.1928277611732483,0.17058798670768738,0.25567954778671265,0.1334579437971115,0.2452169805765152,0.34367692470550537,0.14161419868469238,0.2039342075586319,0.3938477039337158,0.20036718249320984,0.1686740666627884,0.1141960471868515,0.17266890406608582
methodist,0.21922016143798828,0.2650960683822632,0.2893127202987671,0.18170638382434845,0.34871020913124084,0.21045586466789246,0.21922016143798828,0.14379173517227173,0.18482346832752228,0.24702993035316467,0.17637217044830322,0.3452286422252655,0.17165416479110718,0.1436992734670639
church,0.23846197128295898,0.20494024455547333,0.2682642936706543,0.18300943076610565,0.3845904767513275,0.22776630520820618,0.23846197128295898,0.20716705918312073,0.1683788001537323,0.2493300437927246,0.1944202184677124,0.3814816176891327,0.19587655365467072,0.18081501126289368
also,0.6021018624305725,0.2866799235343933,0.2742551863193512,0.6005857586860657,0.1983538120985031,0.16921618580818176,0.6021018624305725,0.21520476043224335,0.16308291256427765,0.5073733329772949,0.42747777700424194,0.2678369879722595,0.23830296099185944,0.21848613023757935
believes,0.2598399519920349,0.23888243734836578,1.0000001192092896,0.4424291253089905,0.36056122183799744,0.18142949044704437,0.2598399519920349,0.2150028795003891,0.20392760634422302,0.18350256979465485,0.35397860407829285,0.32661089301109314,0.21432331204414368,0.21439975500106812
that,0.5473989248275757,0.26325681805610657,0.4424291253089905,1.0,0.2912577986717224,0.19533517956733704,0.5473989248275757,0.25607815384864807,0.26704341173171997,0.435920387506485,0.6297725439071655,0.31875133514404297,0.22579634189605713,0.32716336846351624
jesus,0.23073002696037292,0.30839401483535767,0.36056122183799744,0.2912577986717224,1.0,0.08817651867866516,0.23073002696037292,0.2532576322555542,0.1926070749759674,0.13815179467201233,0.307744562625885,0.5323591828346252,0.30556708574295044,0.19975169003009796
explicitly,0.24453070759773254,0.24143892526626587,0.22717450559139252,0.3998975455760956,0.22015303373336792,0.24773035943508148,0.24453070759773254,0.16533096134662628,0.2103249728679657,0.14657194912433624,0.3763854503631592,0.2846119701862335,0.33320143818855286,0.2977891266345978
repudiated,0.34500056505203247,0.2246582955121994,0.33994001150131226,0.3523705303668976,0.2600305676460266,0.359160840511322,0.34500056505203247,0.20308583974838257,0.15066511929035187,0.2802770733833313,0.2367813140153885,0.2102620154619217,0.19526222348213196,0.15507285296916962
the,1.0,0.21262750029563904,0.2598399519920349,0.5473989248275757,0.23073002696037292,0.3050917983055115,1.0,0.21438048779964447,0.21881432831287384,0.6662389636039734,0.42745697498321533,0.27647915482521057,0.21855001151561737,0.22068053483963013
lex,0.19222110509872437,0.10376225411891937,0.17274761199951172,0.2200915366411209,0.17528218030929565,0.04916762188076973,0.19222110509872437,0.13388891518115997,0.14683574438095093,0.16705594956874847,0.11470181494951248,0.19444194436073303,0.1565818339586258,0.12254848331212997
talionis,0.29099759459495544,0.2784687578678131,0.28103798627853394,0.19364792108535767,0.26973167061805725,0.18706820905208588,0.29099759459495544,0.20978499948978424,0.11162816733121872,0.25898510217666626,0.1860053688287735,0.24782055616378784,0.2353656142950058,0.13133226335048676
in,0.6662389636039734,0.15436193346977234,0.18350256979465485,0.435920387506485,0.13815179467201233,0.2503407597541809,0.6662389636039734,0.18743370473384857,0.21316936612129211,1.0,0.30808621644973755,0.17902518808841705,0.17386962473392487,0.20430970191955566
matthew,0.22876815497875214,0.11235349625349045,0.21807870268821716,0.23421569168567657,0.38614922761917114,0.12980468571186066,0.22876815497875214,0.24998342990875244,0.20760752260684967,0.19319626688957214,0.22658760845661163,0.352827250957489,0.25604239106178284,0.08641620725393295
5:38-39,0.13578994572162628,0.17038777470588684,0.20442765951156616,0.12559469044208527,0.017909176647663116,0.18970903754234314,0.13578994572162628,0.08523590862751007,0.12874142825603485,0.09210458397865295,0.1374175250530243,-0.0273639764636755,-0.012115539982914925,0.035909418016672134
and,0.5171257257461548,0.21982228755950928,0.2870352566242218,0.4731321930885315,0.16491691768169403,0.2163359671831131,0.5171257257461548,0.1816639006137848,0.13611742854118347,0.4954058527946472,0.31309178471565247,0.1976928561925888,0.19053128361701965,0.20544172823429108
abolished,0.3050917983055115,0.16285422444343567,0.18142949044704437,0.19533517956733704,0.08817651867866516,1.0000001192092896,0.3050917983055115,0.24671512842178345,0.3368842303752899,0.2503407597541809,0.16060853004455566,0.15577852725982666,0.1703266054391861,0.14427442848682404
the,1.0,0.21262750029563904,0.2598399519920349,0.5473989248275757,0.23073002696037292,0.3050917983055115,1.0,0.21438048779964447,0.21881432831287384,0.6662389636039734,0.42745697498321533,0.27647915482521057,0.21855001151561737,0.22068053483963013
death,0.21438048779964447,0.03921859711408615,0.2150028795003891,0.25607815384864807,0.2532576322555542,0.24671512842178345,0.21438048779964447,0.9999998807907104,0.42413726449012756,0.18743370473384857,0.2267695665359497,0.2484837770462036,0.17359621822834015,0.21149799227714539
penalty,0.21881432831287384,0.12373359501361847,0.20392760634422302,0.26704341173171997,0.1926070749759674,0.3368842303752899,0.21881432831287384,0.42413726449012756,1.0,0.21316936612129211,0.24059176445007324,0.19634602963924408,0.16606847941875458,0.1639929711818695
in,0.6662389636039734,0.15436193346977234,0.18350256979465485,0.435920387506485,0.13815179467201233,0.2503407597541809,0.6662389636039734,0.18743370473384857,0.21316936612129211,1.0,0.30808621644973755,0.17902518808841705,0.17386962473392487,0.20430970191955566
john,0.2230520099401474,0.09613364934921265,0.18661975860595703,0.17830057442188263,0.23454704880714417,0.15223149955272675,0.2230520099401474,0.19530434906482697,0.09111770987510681,0.22177861630916595,0.18237407505512238,0.25817710161209106,0.20503535866737366,0.13162356615066528
8:7,0.13649672269821167,0.1584213227033615,0.047219932079315186,0.1576555073261261,-0.01360932644456625,0.10119819641113281,0.13649672269821167,-0.037702444940805435,0.07935050129890442,0.04229304939508438,0.1518644243478775,0.12116793543100357,0.01688169315457344,0.15027791261672974
.,0.5934505462646484,0.23154163360595703,0.25880372524261475,0.4460422694683075,0.19900833070278168,0.2752610743045807,0.5934505462646484,0.24631039798259735,0.2140244096517563,0.5591574311256409,0.3567904531955719,0.22401820123195648,0.19836190342903137,0.4130953550338745
