,a,growing,number,of,new,forms,of,procurement,involves,what,?
there,0.4214206337928772,0.3081084191799164,0.35469454526901245,0.44397735595703125,0.26218199729919434,0.26480165123939514,0.44397735595703125,0.2063480019569397,0.27309730648994446,0.35085538029670715,0.29405656456947327
is,0.658733606338501,0.2603529095649719,0.22390379011631012,0.4854315221309662,0.2208656519651413,0.35419854521751404,0.4854315221309662,0.23124516010284424,0.33874383568763733,0.28837618231773376,0.22961433231830597
also,0.5149940252304077,0.3150483965873718,0.36623433232307434,0.4924938678741455,0.30404865741729736,0.3271316885948181,0.4924938678741455,0.2633768618106842,0.238814577460289,0.42747777700424194,0.21848613023757935
a,1.0,0.26935911178588867,0.2992287278175354,0.5052502155303955,0.3214259147644043,0.31878992915153503,0.5052502155303955,0.2955470085144043,0.35207560658454895,0.3320399522781372,0.23916715383529663
growing,0.26935911178588867,1.0000001192092896,0.24029798805713654,0.3095463812351227,0.23039987683296204,0.12042520195245743,0.3095463812351227,0.2856646776199341,0.26672253012657166,0.20045997202396393,0.10178618133068085
number,0.2992287278175354,0.24029798805713654,1.0,0.2778518795967102,0.2987784147262573,0.1527613252401352,0.2778518795967102,0.28787583112716675,0.16473530232906342,0.23046229779720306,0.19256845116615295
of,0.5052502155303955,0.3095463812351227,0.2778518795967102,1.0,0.343457967042923,0.33835989236831665,1.0,0.30700188875198364,0.32495999336242676,0.33290785551071167,0.1826142966747284
new,0.3214259147644043,0.23039987683296204,0.2987784147262573,0.343457967042923,0.9999999403953552,0.14796827733516693,0.343457967042923,0.16903214156627655,0.15149344503879547,0.2130378633737564,0.14782847464084625
forms,0.31878992915153503,0.12042520195245743,0.1527613252401352,0.33835989236831665,0.14796827733516693,1.0,0.33835989236831665,0.20222583413124084,0.3569517731666565,0.16334041953086853,0.1196754202246666
of,0.5052502155303955,0.3095463812351227,0.2778518795967102,1.0,0.343457967042923,0.33835989236831665,1.0,0.30700188875198364,0.32495999336242676,0.33290785551071167,0.1826142966747284
procurement,0.2955470085144043,0.2856646776199341,0.28787583112716675,0.30700188875198364,0.16903214156627655,0.20222583413124084,0.30700188875198364,1.0,0.3253706395626068,0.2843207120895386,0.17974576354026794
that,0.47537946701049805,0.3014943599700928,0.32951247692108154,0.41498205065727234,0.29177987575531006,0.31152746081352234,0.41498205065727234,0.34430989623069763,0.2839031517505646,0.6297725439071655,0.32716336846351624
involve,0.2548506259918213,0.2691490948200226,0.23148508369922638,0.29347991943359375,0.17671549320220947,0.3084801435470581,0.29347991943359375,0.3057616055011749,0.830146074295044,0.2820183336734772,0.21596334874629974
relationship,0.25691166520118713,0.24548038840293884,0.13119778037071228,0.22000651061534882,0.18382105231285095,0.21474699676036835,0.22000651061534882,0.23474182188510895,0.299693763256073,0.24358563125133514,0.11361731588840485
contracting,0.28269827365875244,0.23891793191432953,0.18993589282035828,0.23802630603313446,0.2001495510339737,0.24665004014968872,0.23802630603313446,0.414482057094574,0.33007216453552246,0.2756916880607605,0.1360260248184204
where,0.40997210144996643,0.22829535603523254,0.3329964578151703,0.38066378235816956,0.26026442646980286,0.20930740237236023,0.38066378235816956,0.26895296573638916,0.23658765852451324,0.4457937180995941,0.24793872237205505
the,0.5829201340675354,0.33280637860298157,0.35145696997642517,0.733189046382904,0.3845241069793701,0.2950737178325653,0.733189046382904,0.3154159188270569,0.25744810700416565,0.42745697498321533,0.22068053483963013
emphasis,0.23661457002162933,0.14786440134048462,0.1494522988796234,0.25674107670783997,0.09252113848924637,0.19779814779758453,0.25674107670783997,0.33645400404930115,0.36122119426727295,0.2812975347042084,0.2750280499458313
is,0.658733606338501,0.2603529095649719,0.22390379011631012,0.4854315221309662,0.2208656519651413,0.35419854521751404,0.4854315221309662,0.23124516010284424,0.33874383568763733,0.28837618231773376,0.22961433231830597
on,0.3848365545272827,0.1896074265241623,0.2978411018848419,0.3966929316520691,0.31106263399124146,0.18131625652313232,0.3966929316520691,0.2104976624250412,0.1868361383676529,0.34226128458976746,0.2714994251728058
a,1.0,0.26935911178588867,0.2992287278175354,0.5052502155303955,0.3214259147644043,0.31878992915153503,0.5052502155303955,0.2955470085144043,0.35207560658454895,0.3320399522781372,0.23916715383529663
co-operative,0.29338517785072327,0.1587485671043396,0.16894535720348358,0.26547348499298096,0.19076968729496002,0.19760140776634216,0.26547348499298096,0.4093524217605591,0.33967483043670654,0.27789732813835144,0.1858779340982437
relationship,0.25691166520118713,0.24548038840293884,0.13119778037071228,0.22000651061534882,0.18382105231285095,0.21474699676036835,0.22000651061534882,0.23474182188510895,0.299693763256073,0.24358563125133514,0.11361731588840485
between,0.29385313391685486,0.19811703264713287,0.22219079732894897,0.3737983703613281,0.20217913389205933,0.2800103425979614,0.3737983703613281,0.1885511726140976,0.29668158292770386,0.2462156116962433,0.12887074053287506
the,0.5829201340675354,0.33280637860298157,0.35145696997642517,0.733189046382904,0.3845241069793701,0.2950737178325653,0.733189046382904,0.3154159188270569,0.25744810700416565,0.42745697498321533,0.22068053483963013
principal,0.15884900093078613,0.1539103239774704,0.20066975057125092,0.25824129581451416,0.1777266561985016,0.15513421595096588,0.25824129581451416,0.23777173459529877,0.13858662545681,0.1582305133342743,0.10016445070505142
and,0.3739250600337982,0.3007805347442627,0.28545793890953064,0.5116966962814331,0.31402453780174255,0.31425848603248596,0.5116966962814331,0.25993871688842773,0.2851496934890747,0.31309178471565247,0.20544172823429108
contractor,0.24873769283294678,0.0986514464020729,0.11585407704114914,0.189218208193779,0.1466059535741806,0.10758435726165771,0.189218208193779,0.4133409559726715,0.2209973931312561,0.17357058823108673,0.07686037570238113
and,0.3739250600337982,0.3007805347442627,0.28545793890953064,0.5116966962814331,0.31402453780174255,0.31425848603248596,0.5116966962814331,0.25993871688842773,0.2851496934890747,0.31309178471565247,0.20544172823429108
other,0.2806335389614105,0.26645466685295105,0.3754757344722748,0.38583824038505554,0.2957918047904968,0.30812856554985046,0.38583824038505554,0.2545953392982483,0.26500648260116577,0.341873437166214,0.24682199954986572
stakeholders,0.27028921246528625,0.1932903379201889,0.21363647282123566,0.2500039339065552,0.17808590829372406,0.17011474072933197,0.2500039339065552,0.40821054577827454,0.2724063992500305,0.24935218691825867,0.23692873120307922
within,0.3858051896095276,0.1991056203842163,0.29490411281585693,0.39594778418540955,0.23842696845531464,0.26317811012268066,0.39594778418540955,0.27664679288864136,0.24835126101970673,0.2498195916414261,0.1870293766260147
a,1.0,0.26935911178588867,0.2992287278175354,0.5052502155303955,0.3214259147644043,0.31878992915153503,0.5052502155303955,0.2955470085144043,0.35207560658454895,0.3320399522781372,0.23916715383529663
construction,0.25036895275115967,0.21797116100788116,0.13548493385314941,0.2815735340118408,0.2525217533111572,0.15417122840881348,0.2815735340118408,0.371708482503891,0.1520182341337204,0.20329850912094116,0.13494056463241577
project,0.2328382134437561,0.19763343036174774,0.15790507197380066,0.17578177154064178,0.18836385011672974,0.10684721916913986,0.17578177154064178,0.28407225012779236,0.1755056530237198,0.27033838629722595,0.30569031834602356
.,0.50484299659729,0.2699389159679413,0.3256329298019409,0.5352458953857422,0.35031336545944214,0.24305115640163422,0.5352458953857422,0.24404284358024597,0.17409084737300873,0.3567904531955719,0.4130953550338745
