,what,is,an,annual,meeting,of,all,the,officers,of,the,church,and,any,interested,members,?
the,0.42745697498321533,0.5823672413825989,0.4207492768764496,0.2958983778953552,0.3390691578388214,0.733189046382904,0.4860881567001343,1.0,0.2831277847290039,0.733189046382904,1.0,0.23846197128295898,0.5171257257461548,0.4525727927684784,0.22813944518566132,0.3321719169616699,0.22068053483963013
church,0.1944202184677124,0.203276589512825,0.09629998356103897,0.11954853683710098,0.2493250072002411,0.3079429268836975,0.175497367978096,0.23846197128295898,0.18201351165771484,0.3079429268836975,0.23846197128295898,0.9999999403953552,0.1976170688867569,0.17543654143810272,0.10020635277032852,0.18617433309555054,0.18081501126289368
conference,0.15329721570014954,0.13909097015857697,0.09000018239021301,0.28363916277885437,0.43508458137512207,0.19579021632671356,0.2479005753993988,0.25393402576446533,0.18087290227413177,0.19579021632671356,0.25393402576446533,0.19073757529258728,0.21613861620426178,0.1916848123073578,0.1773986965417862,0.2240617722272873,0.11172781884670258
is,0.28837618231773376,1.0,0.4654068350791931,0.20538382232189178,0.17450086772441864,0.4854315221309662,0.2553904056549072,0.5823672413825989,0.1602698415517807,0.4854315221309662,0.5823672413825989,0.203276589512825,0.3859752118587494,0.35691767930984497,0.14930003881454468,0.1897467076778412,0.22961433231830597
an,0.2821882665157318,0.4654068350791931,1.0,0.19539830088615417,0.17287582159042358,0.32280945777893066,0.1916661262512207,0.4207492768764496,0.15112128853797913,0.32280945777893066,0.4207492768764496,0.09629998356103897,0.2838519215583801,0.3555181324481964,0.1980188488960266,0.1668950915336609,0.19793890416622162
annual,0.14798973500728607,0.20538382232189178,0.19539830088615417,1.0000001192092896,0.32550400495529175,0.29535046219825745,0.17117661237716675,0.2958983778953552,0.0723138377070427,0.29535046219825745,0.2958983778953552,0.11954853683710098,0.20847271382808685,0.1588347852230072,0.11234577000141144,0.2438695728778839,0.1083487942814827
meeting,0.2296355813741684,0.17450086772441864,0.17287582159042358,0.32550400495529175,0.9999998807907104,0.2703947126865387,0.25274139642715454,0.3390691578388214,0.26652541756629944,0.2703947126865387,0.3390691578388214,0.2493250072002411,0.23922012746334076,0.1762852519750595,0.28445032238960266,0.40077099204063416,0.1329771876335144
of,0.33290785551071167,0.4854315221309662,0.32280945777893066,0.29535046219825745,0.2703947126865387,1.0,0.42798417806625366,0.733189046382904,0.24383078515529633,1.0,0.733189046382904,0.3079429268836975,0.5116966962814331,0.3769088089466095,0.24032539129257202,0.28120753169059753,0.1826142966747284
all,0.41981086134910583,0.2553904056549072,0.1916661262512207,0.17117661237716675,0.25274139642715454,0.42798417806625366,1.0000001192092896,0.4860881567001343,0.27480992674827576,0.42798417806625366,0.4860881567001343,0.175497367978096,0.4542157053947449,0.5059395432472229,0.28094515204429626,0.3667386770248413,0.29575422406196594
the,0.42745697498321533,0.5823672413825989,0.4207492768764496,0.2958983778953552,0.3390691578388214,0.733189046382904,0.4860881567001343,1.0,0.2831277847290039,0.733189046382904,1.0,0.23846197128295898,0.5171257257461548,0.4525727927684784,0.22813944518566132,0.3321719169616699,0.22068053483963013
officers,0.20936226844787598,0.1602698415517807,0.15112128853797913,0.0723138377070427,0.26652541756629944,0.24383078515529633,0.27480992674827576,0.2831277847290039,1.0,0.24383078515529633,0.2831277847290039,0.18201351165771484,0.2432994693517685,0.26905557513237,0.13544002175331116,0.4403330683708191,0.14072641730308533
of,0.33290785551071167,0.4854315221309662,0.32280945777893066,0.29535046219825745,0.2703947126865387,1.0,0.42798417806625366,0.733189046382904,0.24383078515529633,1.0,0.733189046382904,0.3079429268836975,0.5116966962814331,0.3769088089466095,0.24032539129257202,0.28120753169059753,0.1826142966747284
the,0.42745697498321533,0.5823672413825989,0.4207492768764496,0.2958983778953552,0.3390691578388214,0.733189046382904,0.4860881567001343,1.0,0.2831277847290039,0.733189046382904,1.0,0.23846197128295898,0.5171257257461548,0.4525727927684784,0.22813944518566132,0.3321719169616699,0.22068053483963013
church,0.1944202184677124,0.203276589512825,0.09629998356103897,0.11954853683710098,0.2493250072002411,0.3079429268836975,0.175497367978096,0.23846197128295898,0.18201351165771484,0.3079429268836975,0.23846197128295898,0.9999999403953552,0.1976170688867569,0.17543654143810272,0.10020635277032852,0.18617433309555054,0.18081501126289368
and,0.31309178471565247,0.3859752118587494,0.2838519215583801,0.20847271382808685,0.23922012746334076,0.5116966962814331,0.4542157053947449,0.5171257257461548,0.2432994693517685,0.5116966962814331,0.5171257257461548,0.1976170688867569,1.0,0.3363793194293976,0.3278570771217346,0.2994427978992462,0.20544172823429108
any,0.43670421838760376,0.35691767930984497,0.3555181324481964,0.1588347852230072,0.1762852519750595,0.3769088089466095,0.5059395432472229,0.4525727927684784,0.26905557513237,0.3769088089466095,0.4525727927684784,0.17543654143810272,0.3363793194293976,1.0,0.2862180173397064,0.20679043233394623,0.4113408327102661
interested,0.35256704688072205,0.14930003881454468,0.1980188488960266,0.11234577000141144,0.28445032238960266,0.24032539129257202,0.28094515204429626,0.22813944518566132,0.13544002175331116,0.24032539129257202,0.22813944518566132,0.10020635277032852,0.3278570771217346,0.2862180173397064,0.9999999403953552,0.22243550419807434,0.2901444137096405
members,0.16873176395893097,0.1897467076778412,0.1668950915336609,0.2438695728778839,0.40077099204063416,0.28120753169059753,0.3667386770248413,0.3321719169616699,0.4403330683708191,0.28120753169059753,0.3321719169616699,0.18617433309555054,0.2994427978992462,0.20679043233394623,0.22243550419807434,0.9999998807907104,0.10212311148643494
.,0.3567904531955719,0.4569662809371948,0.3581749200820923,0.17968490719795227,0.23260334134101868,0.5352458953857422,0.43406882882118225,0.5934505462646484,0.1864379346370697,0.5352458953857422,0.5934505462646484,0.28898224234580994,0.588965117931366,0.39295488595962524,0.35390418767929077,0.21119362115859985,0.4130953550338745
,what,is,an,annual,meeting,of,all,the,officers,of,the,church,and,any,interested,members,?
term,0.25282326340675354,0.270183801651001,0.16153281927108765,0.20216548442840576,0.15888145565986633,0.26047757267951965,0.1779089868068695,0.2740369141101837,0.20045170187950134,0.26047757267951965,0.2740369141101837,0.13217052817344666,0.22272127866744995,0.27627113461494446,0.17562967538833618,0.15077292919158936,0.1901002675294876
limits,0.32290130853652954,0.3030383288860321,0.20018108189105988,0.1720755398273468,0.22345545887947083,0.37432539463043213,0.2890697717666626,0.3678794801235199,0.23577630519866943,0.37432539463043213,0.3678794801235199,0.1818426102399826,0.2891829311847687,0.35537275671958923,0.1674967259168625,0.10778378695249557,0.14532171189785004
are,0.29724663496017456,0.5330929756164551,0.1556541919708252,0.13641297817230225,0.18583811819553375,0.39081433415412903,0.5343062281608582,0.40399202704429626,0.22431616485118866,0.39081433415412903,0.40399202704429626,0.16039738059043884,0.48576638102531433,0.40178635716438293,0.23443511128425598,0.31528955698013306,0.24591213464736938
set,0.28954121470451355,0.21148966252803802,0.19075638055801392,0.12118767946958542,0.25378769636154175,0.20671486854553223,0.2930283844470978,0.2927955985069275,0.17607077956199646,0.20671486854553223,0.2927955985069275,0.12075342983007431,0.27649927139282227,0.2833866775035858,0.16581504046916962,0.1528092324733734,0.1698019951581955
for,0.3017193675041199,0.43268078565597534,0.3236706852912903,0.28860941529273987,0.23861375451087952,0.4185989499092102,0.41144001483917236,0.4739971458911896,0.18508780002593994,0.4185989499092102,0.4739971458911896,0.15542230010032654,0.5064792633056641,0.3944643437862396,0.34928664565086365,0.2612179219722748,0.264628142118454
some,0.4491020441055298,0.3038453459739685,0.2864145338535309,0.1615464836359024,0.25929635763168335,0.4300730526447296,0.583402693271637,0.4566698372364044,0.27067866921424866,0.4300730526447296,0.4566698372364044,0.23829415440559387,0.5337774157524109,0.4822671413421631,0.3634626269340515,0.302155077457428,0.2562315762042999
committees,0.1853698194026947,0.15802469849586487,0.15492643415927887,0.28277334570884705,0.42698925733566284,0.34709328413009644,0.2745896279811859,0.2924276292324066,0.31536728143692017,0.34709328413009644,0.2924276292324066,0.18175771832466125,0.289193332195282,0.28192028403282166,0.2453892081975937,0.39517727494239807,0.1382787674665451
but,0.5029441118240356,0.4106791317462921,0.27760404348373413,0.17261594533920288,0.26222655177116394,0.39942997694015503,0.4908081889152527,0.4859698414802551,0.24306972324848175,0.39942997694015503,0.4859698414802551,0.19767498970031738,0.5762497186660767,0.5102438926696777,0.38092541694641113,0.24694132804870605,0.27921953797340393
not,0.5449194312095642,0.3776007890701294,0.3722182512283325,0.15619677305221558,0.22110657393932343,0.3307090103626251,0.4974499046802521,0.4310511648654938,0.2527908384799957,0.3307090103626251,0.4310511648654938,0.1967715620994568,0.39099299907684326,0.5995424389839172,0.34099143743515015,0.2104467898607254,0.41942933201789856
for,0.3017193675041199,0.43268078565597534,0.3236706852912903,0.28860941529273987,0.23861375451087952,0.4185989499092102,0.41144001483917236,0.4739971458911896,0.18508780002593994,0.4185989499092102,0.4739971458911896,0.15542230010032654,0.5064792633056641,0.3944643437862396,0.34928664565086365,0.2612179219722748,0.264628142118454
all,0.41981086134910583,0.2553904056549072,0.1916661262512207,0.17117661237716675,0.25274139642715454,0.42798417806625366,1.0000001192092896,0.4860881567001343,0.27480992674827576,0.42798417806625366,0.4860881567001343,0.175497367978096,0.4542157053947449,0.5059395432472229,0.28094515204429626,0.3667386770248413,0.29575422406196594
.,0.3567904531955719,0.4569662809371948,0.3581749200820923,0.17968490719795227,0.23260334134101868,0.5352458953857422,0.43406882882118225,0.5934505462646484,0.1864379346370697,0.5352458953857422,0.5934505462646484,0.28898224234580994,0.588965117931366,0.39295488595962524,0.35390418767929077,0.21119362115859985,0.4130953550338745
