,what,does,the,world,'s,first,museum,of,posters,have,one,of,the,largest,collections,of,in,the,world,?
as,0.31749409437179565,0.31202155351638794,0.48381632566452026,0.22848254442214966,-0.05775856226682663,0.33842000365257263,0.15384963154792786,0.3886612355709076,0.19283565878868103,0.37788212299346924,0.3954789340496063,0.3886612355709076,0.48381632566452026,0.1819920688867569,0.27022480964660645,0.3886612355709076,0.3887844979763031,0.48381632566452026,0.22848254442214966,0.27043893933296204
interesting,0.4084731340408325,0.29261937737464905,0.28684279322624207,0.2349235862493515,0.009749502874910831,0.22872264683246613,0.22024832665920258,0.27691543102264404,0.2765437066555023,0.4164906442165375,0.34281763434410095,0.27691543102264404,0.28684279322624207,0.1343335509300232,0.29436346888542175,0.27691543102264404,0.30390313267707825,0.28684279322624207,0.2349235862493515,0.3378506898880005
examples,0.26665759086608887,0.2701253294944763,0.30092597007751465,0.23377370834350586,-0.04718343913555145,0.22049972414970398,0.21049046516418457,0.3054686188697815,0.290331095457077,0.3969608247280121,0.32072609663009644,0.3054686188697815,0.30092597007751465,0.21235257387161255,0.3391917049884796,0.3054686188697815,0.25567561388015747,0.30092597007751465,0.23377370834350586,0.19976599514484406
of,0.33290785551071167,0.3119818866252899,0.733189046382904,0.2828933000564575,-0.03817026689648628,0.3536086082458496,0.23314370214939117,1.0,0.20409858226776123,0.3802283704280853,0.4999135136604309,1.0,0.733189046382904,0.36650770902633667,0.3185039758682251,1.0,0.5696388483047485,0.733189046382904,0.2828933000564575,0.1826142966747284
expositions,0.18794479966163635,0.19199106097221375,0.30509576201438904,0.3335479199886322,-0.0012755781644955277,0.26042449474334717,0.32015079259872437,0.30438244342803955,0.4196719527244568,0.21244849264621735,0.19781585037708282,0.30438244342803955,0.30509576201438904,0.18011416494846344,0.4730997681617737,0.30438244342803955,0.3073629140853882,0.30509576201438904,0.3335479199886322,0.12436328828334808
the,0.42745697498321533,0.35928019881248474,1.0,0.33604270219802856,-0.01540423184633255,0.49448907375335693,0.24861779808998108,0.733189046382904,0.2461826205253601,0.40389683842658997,0.5514441132545471,0.733189046382904,1.0,0.3757036626338959,0.27174001932144165,0.733189046382904,0.6662389636039734,1.0,0.33604270219802856,0.22068053483963013
most,0.3219912350177765,0.30044323205947876,0.47635307908058167,0.33157554268836975,0.024445664137601852,0.34339818358421326,0.15799327194690704,0.4178851246833801,0.2795288860797882,0.44364631175994873,0.5404669642448425,0.4178851246833801,0.47635307908058167,0.3954915702342987,0.269905686378479,0.4178851246833801,0.41416558623313904,0.47635307908058167,0.33157554268836975,0.2107497900724411
notable,0.31026893854141235,0.3775642514228821,0.20948168635368347,0.22881001234054565,0.003200544510036707,0.22214171290397644,0.12125174701213837,0.1985267549753189,0.23940306901931763,0.29248228669166565,0.32653379440307617,0.1985267549753189,0.20948168635368347,0.145220547914505,0.19343383610248566,0.1985267549753189,0.25145605206489563,0.20948168635368347,0.22881001234054565,0.31928157806396484
are,0.29724663496017456,0.3126322329044342,0.40399202704429626,0.22463127970695496,-0.008927806280553341,0.20306691527366638,0.12469582259654999,0.39081433415412903,0.25687748193740845,0.6577680706977844,0.42537835240364075,0.39081433415412903,0.40399202704429626,0.23992078006267548,0.3220110833644867,0.39081433415412903,0.3841303884983063,0.40399202704429626,0.22463127970695496,0.24591213464736938
:,-0.12022944539785385,-0.11934193223714828,-0.03403344005346298,0.1334427297115326,0.07621461898088455,0.018633490428328514,-0.09555457532405853,-0.08807745575904846,-0.05534487962722778,-0.10825085639953613,0.05350891128182411,-0.08807745575904846,-0.03403344005346298,-0.07544846087694168,-0.11548762768507004,-0.08807745575904846,0.020521078258752823,-0.03403344005346298,0.1334427297115326,-0.07156077772378922
the,0.42745697498321533,0.35928019881248474,1.0,0.33604270219802856,-0.01540423184633255,0.49448907375335693,0.24861779808998108,0.733189046382904,0.2461826205253601,0.40389683842658997,0.5514441132545471,0.733189046382904,1.0,0.3757036626338959,0.27174001932144165,0.733189046382904,0.6662389636039734,1.0,0.33604270219802856,0.22068053483963013
world,0.21669597923755646,0.15434256196022034,0.33604270219802856,1.0000001192092896,0.11877062171697617,0.31190985441207886,0.19023655354976654,0.2828933000564575,0.2288265973329544,0.2620723843574524,0.36872437596321106,0.2828933000564575,0.33604270219802856,0.344524085521698,0.2178148776292801,0.2828933000564575,0.3038199245929718,0.33604270219802856,1.0000001192092896,0.17579582333564758
's,0.02692362666130066,-0.02895052544772625,-0.01540423184633255,0.11877062171697617,0.9999999403953552,-0.014458609744906425,-0.011753248050808907,-0.03817026689648628,0.11637319624423981,-0.02807004563510418,0.06913424283266068,-0.03817026689648628,-0.01540423184633255,-0.02050611935555935,0.006817140616476536,-0.03817026689648628,-0.037580832839012146,-0.01540423184633255,0.11877062171697617,-0.023395681753754616
first,0.28086137771606445,0.2198687642812729,0.49448907375335693,0.31190985441207886,-0.014458609744906425,1.0,0.19499869644641876,0.3536086082458496,0.1925377994775772,0.3030114769935608,0.4552372097969055,0.3536086082458496,0.49448907375335693,0.25420719385147095,0.22346942126750946,0.3536086082458496,0.4127444326877594,0.49448907375335693,0.31190985441207886,0.18701928853988647
museum,0.1771627515554428,0.1064787358045578,0.24861779808998108,0.19023655354976654,-0.011753248050808907,0.19499869644641876,1.0000001192092896,0.23314370214939117,0.21230600774288177,0.11209996789693832,0.20303620398044586,0.23314370214939117,0.24861779808998108,0.28500592708587646,0.447247713804245,0.23314370214939117,0.2407650351524353,0.24861779808998108,0.19023655354976654,0.14128351211547852
of,0.33290785551071167,0.3119818866252899,0.733189046382904,0.2828933000564575,-0.03817026689648628,0.3536086082458496,0.23314370214939117,1.0,0.20409858226776123,0.3802283704280853,0.4999135136604309,1.0,0.733189046382904,0.36650770902633667,0.3185039758682251,1.0,0.5696388483047485,0.733189046382904,0.2828933000564575,0.1826142966747284
posters,0.2328856736421585,0.18502506613731384,0.2461826205253601,0.2288265973329544,0.11637319624423981,0.1925377994775772,0.21230600774288177,0.20409858226776123,1.0,0.25625213980674744,0.25657299160957336,0.20409858226776123,0.2461826205253601,0.11778199672698975,0.36449554562568665,0.20409858226776123,0.23700222373008728,0.2461826205253601,0.2288265973329544,0.21716934442520142
boasting,0.33775630593299866,0.24763807654380798,0.3384164273738861,0.18556241691112518,0.043584857136011124,0.2669137120246887,0.18012958765029907,0.31618496775627136,0.20054775476455688,0.3273068368434906,0.3286602199077606,0.31618496775627136,0.3384164273738861,0.12579263746738434,0.14284342527389526,0.31618496775627136,0.26482847332954407,0.3384164273738861,0.18556241691112518,0.24996808171272278
one,0.376489520072937,0.2924913763999939,0.5514441132545471,0.36872437596321106,0.06913424283266068,0.4552372097969055,0.20303620398044586,0.4999135136604309,0.25657299160957336,0.4507926106452942,1.0000001192092896,0.4999135136604309,0.5514441132545471,0.3001094460487366,0.29809001088142395,0.4999135136604309,0.4129433035850525,0.5514441132545471,0.36872437596321106,0.2673267424106598
of,0.33290785551071167,0.3119818866252899,0.733189046382904,0.2828933000564575,-0.03817026689648628,0.3536086082458496,0.23314370214939117,1.0,0.20409858226776123,0.3802283704280853,0.4999135136604309,1.0,0.733189046382904,0.36650770902633667,0.3185039758682251,1.0,0.5696388483047485,0.733189046382904,0.2828933000564575,0.1826142966747284
the,0.42745697498321533,0.35928019881248474,1.0,0.33604270219802856,-0.01540423184633255,0.49448907375335693,0.24861779808998108,0.733189046382904,0.2461826205253601,0.40389683842658997,0.5514441132545471,0.733189046382904,1.0,0.3757036626338959,0.27174001932144165,0.733189046382904,0.6662389636039734,1.0,0.33604270219802856,0.22068053483963013
largest,0.13463157415390015,0.18477381765842438,0.3757036626338959,0.344524085521698,-0.02050611935555935,0.25420719385147095,0.28500592708587646,0.36650770902633667,0.11778199672698975,0.18489506840705872,0.3001094460487366,0.36650770902633667,0.3757036626338959,0.9999999403953552,0.23511838912963867,0.36650770902633667,0.3017216920852661,0.3757036626338959,0.344524085521698,0.12401245534420013
collections,0.22708594799041748,0.112778440117836,0.27174001932144165,0.2178148776292801,0.006817140616476536,0.22346942126750946,0.447247713804245,0.3185039758682251,0.36449554562568665,0.29878637194633484,0.29809001088142395,0.3185039758682251,0.27174001932144165,0.23511838912963867,0.9999998807907104,0.3185039758682251,0.2719179093837738,0.27174001932144165,0.2178148776292801,0.1873358190059662
of,0.33290785551071167,0.3119818866252899,0.733189046382904,0.2828933000564575,-0.03817026689648628,0.3536086082458496,0.23314370214939117,1.0,0.20409858226776123,0.3802283704280853,0.4999135136604309,1.0,0.733189046382904,0.36650770902633667,0.3185039758682251,1.0,0.5696388483047485,0.733189046382904,0.2828933000564575,0.1826142966747284
art,0.19292277097702026,0.2125045508146286,0.20297785103321075,0.16422805190086365,-0.0026162867434322834,0.185503751039505,0.5128974318504333,0.22648051381111145,0.36214709281921387,0.14591436088085175,0.17770402133464813,0.22648051381111145,0.20297785103321075,0.14760227501392365,0.3595452308654785,0.22648051381111145,0.2282189577817917,0.20297785103321075,0.16422805190086365,0.138971745967865
posters,0.2328856736421585,0.18502506613731384,0.2461826205253601,0.2288265973329544,0.11637319624423981,0.1925377994775772,0.21230600774288177,0.20409858226776123,1.0,0.25625213980674744,0.25657299160957336,0.20409858226776123,0.2461826205253601,0.11778199672698975,0.36449554562568665,0.20409858226776123,0.23700222373008728,0.2461826205253601,0.2288265973329544,0.21716934442520142
in,0.30808621644973755,0.214483380317688,0.6662389636039734,0.3038199245929718,-0.037580832839012146,0.4127444326877594,0.2407650351524353,0.5696388483047485,0.23700222373008728,0.36843645572662354,0.4129433035850525,0.5696388483047485,0.6662389636039734,0.3017216920852661,0.2719179093837738,0.5696388483047485,1.0,0.6662389636039734,0.3038199245929718,0.20430970191955566
the,0.42745697498321533,0.35928019881248474,1.0,0.33604270219802856,-0.01540423184633255,0.49448907375335693,0.24861779808998108,0.733189046382904,0.2461826205253601,0.40389683842658997,0.5514441132545471,0.733189046382904,1.0,0.3757036626338959,0.27174001932144165,0.733189046382904,0.6662389636039734,1.0,0.33604270219802856,0.22068053483963013
world,0.21669597923755646,0.15434256196022034,0.33604270219802856,1.0000001192092896,0.11877062171697617,0.31190985441207886,0.19023655354976654,0.2828933000564575,0.2288265973329544,0.2620723843574524,0.36872437596321106,0.2828933000564575,0.33604270219802856,0.344524085521698,0.2178148776292801,0.2828933000564575,0.3038199245929718,0.33604270219802856,1.0000001192092896,0.17579582333564758
",",0.3087472915649414,0.28617382049560547,0.4933079481124878,0.26091980934143066,-0.0016132977325469255,0.34503069519996643,0.20741747319698334,0.4946078956127167,0.1399090588092804,0.3541618287563324,0.3696635365486145,0.4946078956127167,0.4933079481124878,0.26626327633857727,0.2696824073791504,0.4946078956127167,0.5201468467712402,0.4933079481124878,0.26091980934143066,0.31091248989105225
museum,0.1771627515554428,0.1064787358045578,0.24861779808998108,0.19023655354976654,-0.011753248050808907,0.19499869644641876,1.0000001192092896,0.23314370214939117,0.21230600774288177,0.11209996789693832,0.20303620398044586,0.23314370214939117,0.24861779808998108,0.28500592708587646,0.447247713804245,0.23314370214939117,0.2407650351524353,0.24861779808998108,0.19023655354976654,0.14128351211547852
of,0.33290785551071167,0.3119818866252899,0.733189046382904,0.2828933000564575,-0.03817026689648628,0.3536086082458496,0.23314370214939117,1.0,0.20409858226776123,0.3802283704280853,0.4999135136604309,1.0,0.733189046382904,0.36650770902633667,0.3185039758682251,1.0,0.5696388483047485,0.733189046382904,0.2828933000564575,0.1826142966747284
hunting,0.21647632122039795,0.1449282169342041,0.2975936233997345,0.14009667932987213,0.06653569638729095,0.16784365475177765,0.14739659428596497,0.23968064785003662,0.13137879967689514,0.25059863924980164,0.2129209041595459,0.23968064785003662,0.2975936233997345,0.12867313623428345,0.19983746111392975,0.23968064785003662,0.21091331541538239,0.2975936233997345,0.14009667932987213,0.1138605922460556
and,0.31309178471565247,0.3461615741252899,0.5171257257461548,0.3246132433414459,0.06895173341035843,0.3167642652988434,0.21554097533226013,0.5116966962814331,0.17983676493167877,0.4711785912513733,0.42438167333602905,0.5116966962814331,0.5171257257461548,0.24602696299552917,0.2914140522480011,0.5116966962814331,0.4954058527946472,0.5171257257461548,0.3246132433414459,0.20544172823429108
riding,0.18595094978809357,0.161981463432312,0.2104644775390625,0.11375583708286285,0.028812088072299957,0.14895080029964447,0.07337016612291336,0.1758982092142105,0.19360928237438202,0.1772730052471161,0.1517072468996048,0.1758982092142105,0.2104644775390625,0.09621874988079071,0.16469624638557434,0.1758982092142105,0.21468152105808258,0.2104644775390625,0.11375583708286285,0.07419754564762115
and,0.31309178471565247,0.3461615741252899,0.5171257257461548,0.3246132433414459,0.06895173341035843,0.3167642652988434,0.21554097533226013,0.5116966962814331,0.17983676493167877,0.4711785912513733,0.42438167333602905,0.5116966962814331,0.5171257257461548,0.24602696299552917,0.2914140522480011,0.5116966962814331,0.4954058527946472,0.5171257257461548,0.3246132433414459,0.20544172823429108
the,0.42745697498321533,0.35928019881248474,1.0,0.33604270219802856,-0.01540423184633255,0.49448907375335693,0.24861779808998108,0.733189046382904,0.2461826205253601,0.40389683842658997,0.5514441132545471,0.733189046382904,1.0,0.3757036626338959,0.27174001932144165,0.733189046382904,0.6662389636039734,1.0,0.33604270219802856,0.22068053483963013
railway,0.16704553365707397,0.12357934564352036,0.2692219316959381,0.15220041573047638,0.04776231199502945,0.17453445494174957,0.2568841576576233,0.21322962641716003,0.15700316429138184,0.1520480364561081,0.2131599336862564,0.21322962641716003,0.2692219316959381,0.19985198974609375,0.17245450615882874,0.21322962641716003,0.2326211929321289,0.2692219316959381,0.15220041573047638,0.07994066178798676
museum,0.1771627515554428,0.1064787358045578,0.24861779808998108,0.19023655354976654,-0.011753248050808907,0.19499869644641876,1.0000001192092896,0.23314370214939117,0.21230600774288177,0.11209996789693832,0.20303620398044586,0.23314370214939117,0.24861779808998108,0.28500592708587646,0.447247713804245,0.23314370214939117,0.2407650351524353,0.24861779808998108,0.19023655354976654,0.14128351211547852
.,0.3567904531955719,0.3022993505001068,0.5934505462646484,0.3177160322666168,-0.003708066651597619,0.4345304071903229,0.19497929513454437,0.5352458953857422,0.22289316356182098,0.41614407300949097,0.4123194217681885,0.5352458953857422,0.5934505462646484,0.18871670961380005,0.30024775862693787,0.5352458953857422,0.5591574311256409,0.5934505462646484,0.3177160322666168,0.4130953550338745
