,clergy,are,members,of,what,group,rather,than,of,any,local,congregation,?
clergy,0.9999999403953552,0.2619357407093048,0.2882705628871918,0.2905072271823883,0.21005667746067047,0.1674213856458664,0.25523585081100464,0.17820420861244202,0.2905072271823883,0.25264009833335876,0.2165326178073883,0.5412843823432922,0.14422976970672607
are,0.2619357407093048,1.0,0.31528955698013306,0.39081433415412903,0.29724663496017456,0.35980498790740967,0.325596421957016,0.39206281304359436,0.39081433415412903,0.40178635716438293,0.19665704667568207,0.1911555528640747,0.24591213464736938
members,0.2882705628871918,0.31528955698013306,0.9999998807907104,0.28120753169059753,0.16873176395893097,0.481466144323349,0.1343103051185608,0.1746993064880371,0.28120753169059753,0.20679043233394623,0.14682425558567047,0.3412480354309082,0.10212311148643494
of,0.2905072271823883,0.39081433415412903,0.28120753169059753,1.0,0.33290785551071167,0.25542253255844116,0.3045461177825928,0.33036211133003235,1.0,0.3769088089466095,0.20668989419937134,0.28139111399650574,0.1826142966747284
their,0.3154769539833069,0.46887820959091187,0.32611769437789917,0.4329940676689148,0.35142919421195984,0.31846651434898376,0.38249802589416504,0.30367133021354675,0.4329940676689148,0.3989691734313965,0.22085392475128174,0.21725349128246307,0.1898253709077835
annual,0.15445978939533234,0.13641297817230225,0.2438695728778839,0.29535046219825745,0.14798973500728607,0.1486196219921112,0.17173615097999573,0.19124118983745575,0.29535046219825745,0.1588347852230072,0.19095636904239655,0.2259746938943863,0.1083487942814827
conference,0.20157036185264587,0.1676291674375534,0.2240617722272873,0.19579021632671356,0.15329721570014954,0.20237058401107788,0.09215974062681198,0.1321445256471634,0.19579021632671356,0.1916848123073578,0.17762279510498047,0.24903498589992523,0.11172781884670258
rather,0.25523585081100464,0.325596421957016,0.1343103051185608,0.3045461177825928,0.3923804461956024,0.21904946863651276,1.0,0.6301081776618958,0.3045461177825928,0.5030291676521301,0.20653219521045685,0.20307594537734985,0.3053998053073883
than,0.17820420861244202,0.39206281304359436,0.1746993064880371,0.33036211133003235,0.29388150572776794,0.19962939620018005,0.6301081776618958,1.0,0.33036211133003235,0.4801669418811798,0.13557827472686768,0.16159185767173767,0.24917294085025787
of,0.2905072271823883,0.39081433415412903,0.28120753169059753,1.0,0.33290785551071167,0.25542253255844116,0.3045461177825928,0.33036211133003235,1.0,0.3769088089466095,0.20668989419937134,0.28139111399650574,0.1826142966747284
any,0.25264009833335876,0.40178635716438293,0.20679043233394623,0.3769088089466095,0.43670421838760376,0.2265162616968155,0.5030291676521301,0.4801669418811798,0.3769088089466095,1.0,0.21376349031925201,0.23972781002521515,0.4113408327102661
local,0.2165326178073883,0.19665704667568207,0.14682425558567047,0.20668989419937134,0.18981902301311493,0.17512381076812744,0.20653219521045685,0.13557827472686768,0.20668989419937134,0.21376349031925201,1.0,0.23912112414836884,0.15022775530815125
congregation,0.5412843823432922,0.1911555528640747,0.3412480354309082,0.28139111399650574,0.16460371017456055,0.24518267810344696,0.20307594537734985,0.16159185767173767,0.28139111399650574,0.23972781002521515,0.23912112414836884,1.0000001192092896,0.1875634491443634
",",0.17161379754543304,0.4062570035457611,0.2357054501771927,0.4946078956127167,0.3087472915649414,0.2809832692146301,0.276650071144104,0.3371901512145996,0.4946078956127167,0.3237466514110565,0.20673875510692596,0.2149576097726822,0.31091248989105225
and,0.221731036901474,0.48576638102531433,0.2994427978992462,0.5116966962814331,0.31309178471565247,0.3510662019252777,0.34474092721939087,0.39361441135406494,0.5116966962814331,0.3363793194293976,0.2468787580728531,0.25943896174430847,0.20544172823429108
are,0.2619357407093048,1.0,0.31528955698013306,0.39081433415412903,0.29724663496017456,0.35980498790740967,0.325596421957016,0.39206281304359436,0.39081433415412903,0.40178635716438293,0.19665704667568207,0.1911555528640747,0.24591213464736938
appointed,0.32427072525024414,0.0639224573969841,0.26310160756111145,0.3280673027038574,0.1642993837594986,0.13405422866344452,0.14493703842163086,0.09090133756399155,0.3280673027038574,0.1327744424343109,0.195188507437706,0.2965182363986969,0.13895352184772491
to,0.19316771626472473,0.3504326641559601,0.26617446541786194,0.41548454761505127,0.455847829580307,0.2672896385192871,0.4052407741546631,0.3192550539970398,0.41548454761505127,0.46410247683525085,0.2207600325345993,0.21811531484127045,0.29463258385658264
a,0.19379808008670807,0.265255331993103,0.1873859316110611,0.5052502155303955,0.3320399522781372,0.2594761848449707,0.4061340093612671,0.3126874566078186,0.5052502155303955,0.45031747221946716,0.2435571700334549,0.2073277086019516,0.23916715383529663
local,0.2165326178073883,0.19665704667568207,0.14682425558567047,0.20668989419937134,0.18981902301311493,0.17512381076812744,0.20653219521045685,0.13557827472686768,0.20668989419937134,0.21376349031925201,1.0,0.23912112414836884,0.15022775530815125
church,0.4753705859184265,0.16039738059043884,0.18617433309555054,0.3079429268836975,0.1944202184677124,0.14028063416481018,0.12980243563652039,0.09950651973485947,0.3079429268836975,0.17543654143810272,0.2117328941822052,0.613531768321991,0.18081501126289368
or,0.30589839816093445,0.5374364256858826,0.2080104947090149,0.3792596757411957,0.33867141604423523,0.30503612756729126,0.5221653580665588,0.5002588033676147,0.3792596757411957,0.5601577162742615,0.24451059103012085,0.237057164311409,0.32389625906944275
other,0.22218504548072815,0.5932393670082092,0.31560012698173523,0.38583824038505554,0.341873437166214,0.3767421245574951,0.3909560441970825,0.5105555653572083,0.38583824038505554,0.5120068788528442,0.2676697075366974,0.21297410130500793,0.24682199954986572
charge,0.2794578969478607,0.16401518881320953,0.21665997803211212,0.27586498856544495,0.23255030810832977,0.22111782431602478,0.20494866371154785,0.1768353432416916,0.27586498856544495,0.2582528293132782,0.16780157387256622,0.20192725956439972,0.0958876758813858
annually,0.17377214133739471,0.22705048322677612,0.276915580034256,0.26902905106544495,0.13421958684921265,0.12864628434181213,0.2056814283132553,0.26334401965141296,0.26902905106544495,0.21904772520065308,0.194760262966156,0.2780527174472809,0.1364409476518631
by,0.1791175752878189,0.37842893600463867,0.24919851124286652,0.3646814823150635,0.2455483376979828,0.2915726900100708,0.2593236565589905,0.2015816867351532,0.3646814823150635,0.2681882679462433,0.17162570357322693,0.1507270336151123,0.17966607213020325
the,0.26154741644859314,0.40399202704429626,0.3321719169616699,0.733189046382904,0.42745697498321533,0.30795547366142273,0.31983619928359985,0.3227543234825134,0.733189046382904,0.4525727927684784,0.2130540907382965,0.2882172167301178,0.22068053483963013
conference,0.20157036185264587,0.1676291674375534,0.2240617722272873,0.19579021632671356,0.15329721570014954,0.20237058401107788,0.09215974062681198,0.1321445256471634,0.19579021632671356,0.1916848123073578,0.17762279510498047,0.24903498589992523,0.11172781884670258
's,-0.03667555749416351,-0.008927806280553341,0.02701987512409687,-0.03817026689648628,0.02692362666130066,-0.01093533169478178,0.08959644287824631,0.0585811510682106,-0.03817026689648628,0.09017360955476761,0.027985693886876106,0.03743434324860573,-0.023395681753754616
resident,0.16049574315547943,0.17197127640247345,0.250325471162796,0.25974413752555847,0.18262146413326263,0.2649489641189575,0.17174693942070007,0.1974860280752182,0.25974413752555847,0.13590434193611145,0.15161585807800293,0.15281616151332855,0.10287734121084213
bishop,0.44541263580322266,0.08449579030275345,0.11007852107286453,0.22951185703277588,0.12667463719844818,0.060732316225767136,0.08488442003726959,0.08904477208852768,0.22951185703277588,0.1311444491147995,0.10500217229127884,0.37420347332954407,0.19730713963508606
at,0.14042507112026215,0.2074895054101944,0.15071316063404083,0.42558613419532776,0.2838611304759979,0.13662685453891754,0.24202780425548553,0.27679139375686646,0.42558613419532776,0.2206675112247467,0.1697770059108734,0.17031335830688477,0.21978627145290375
the,0.26154741644859314,0.40399202704429626,0.3321719169616699,0.733189046382904,0.42745697498321533,0.30795547366142273,0.31983619928359985,0.3227543234825134,0.733189046382904,0.4525727927684784,0.2130540907382965,0.2882172167301178,0.22068053483963013
meeting,0.2506028711795807,0.18583811819553375,0.40077099204063416,0.2703947126865387,0.2296355813741684,0.28019076585769653,0.16089922189712524,0.11948486417531967,0.2703947126865387,0.1762852519750595,0.15377458930015564,0.3400495648384094,0.1329771876335144
of,0.2905072271823883,0.39081433415412903,0.28120753169059753,1.0,0.33290785551071167,0.25542253255844116,0.3045461177825928,0.33036211133003235,1.0,0.3769088089466095,0.20668989419937134,0.28139111399650574,0.1826142966747284
the,0.26154741644859314,0.40399202704429626,0.3321719169616699,0.733189046382904,0.42745697498321533,0.30795547366142273,0.31983619928359985,0.3227543234825134,0.733189046382904,0.4525727927684784,0.2130540907382965,0.2882172167301178,0.22068053483963013
annual,0.15445978939533234,0.13641297817230225,0.2438695728778839,0.29535046219825745,0.14798973500728607,0.1486196219921112,0.17173615097999573,0.19124118983745575,0.29535046219825745,0.1588347852230072,0.19095636904239655,0.2259746938943863,0.1083487942814827
conference,0.20157036185264587,0.1676291674375534,0.2240617722272873,0.19579021632671356,0.15329721570014954,0.20237058401107788,0.09215974062681198,0.1321445256471634,0.19579021632671356,0.1916848123073578,0.17762279510498047,0.24903498589992523,0.11172781884670258
.,0.17912207543849945,0.3452940285205841,0.21119362115859985,0.5352458953857422,0.3567904531955719,0.27268800139427185,0.3084547221660614,0.3594527542591095,0.5352458953857422,0.39295488595962524,0.26217252016067505,0.27044418454170227,0.4130953550338745
