,in,which,year,did,the,v,&,a,received,the,talbot,hughes,collection,?
one,0.4129433035850525,0.510688066482544,0.346388578414917,0.27659472823143005,0.5514441132545471,0.1586812287569046,0.0723944678902626,0.4910551905632019,0.18942728638648987,0.5514441132545471,0.15529890358448029,0.1443784087896347,0.29259923100471497,0.2673267424106598
of,0.5696388483047485,0.5011631846427917,0.2578314542770386,0.2513895630836487,0.733189046382904,0.1655031144618988,0.19900451600551605,0.5052502155303955,0.2628524899482727,0.733189046382904,0.17336924374103546,0.21100978553295135,0.2915455996990204,0.1826142966747284
the,0.6662389636039734,0.6521818041801453,0.3609684407711029,0.34736719727516174,1.0,0.18580520153045654,0.14992168545722961,0.5829201340675354,0.24890556931495667,1.0,0.19423319399356842,0.2516627907752991,0.25281965732574463,0.22068053483963013
first,0.4127444326877594,0.3828166127204895,0.3099139928817749,0.33691170811653137,0.49448907375335693,0.22899948060512543,0.10695473104715347,0.4287874400615692,0.22090888023376465,0.49448907375335693,0.29547104239463806,0.26106616854667664,0.22156007587909698,0.18701928853988647
significant,0.3551969528198242,0.3548031151294708,0.2663387954235077,0.25824496150016785,0.35524800419807434,0.1435159593820572,0.023904990404844284,0.2793380320072174,0.25824061036109924,0.35524800419807434,0.0564693920314312,0.17356984317302704,0.2435884028673172,0.18679562211036682
gifts,0.2190392017364502,0.25955280661582947,0.18634331226348877,0.22568641602993011,0.21972370147705078,0.024017788469791412,0.09459912776947021,0.22877813875675201,0.27775299549102783,0.21972370147705078,0.20793403685092926,0.16634172201156616,0.2847956418991089,0.1274997740983963
of,0.5696388483047485,0.5011631846427917,0.2578314542770386,0.2513895630836487,0.733189046382904,0.1655031144618988,0.19900451600551605,0.5052502155303955,0.2628524899482727,0.733189046382904,0.17336924374103546,0.21100978553295135,0.2915455996990204,0.1826142966747284
costume,0.2057148814201355,0.18582376837730408,0.1833534836769104,0.21438762545585632,0.2800344228744507,0.14166998863220215,0.09632347524166107,0.23574097454547882,0.16474734246730804,0.2800344228744507,0.19656211137771606,0.17965087294578552,0.2409714162349701,0.1820250153541565
came,0.29996100068092346,0.23567067086696625,0.17925135791301727,0.4016856253147125,0.39390382170677185,0.12568123638629913,0.1603875756263733,0.2477586567401886,0.2654260993003845,0.39390382170677185,0.17839884757995605,0.1710718423128128,0.1428852081298828,0.1739392727613449
in,1.0,0.4840516746044159,0.3359307050704956,0.2593238651752472,0.6662389636039734,0.15216681361198425,0.1358654648065567,0.539380669593811,0.2772020101547241,0.6662389636039734,0.208988219499588,0.25162941217422485,0.23004686832427979,0.20430970191955566
1913,-0.16084061563014984,-0.1649351418018341,-0.026285234838724136,-0.26656052470207214,-0.19087299704551697,-0.021887507289648056,-0.029571913182735443,-0.17591439187526703,-0.12752284109592438,-0.19087299704551697,-0.010752759873867035,-0.1143103688955307,-0.046389851719141006,-0.05730247497558594
when,0.4431333839893341,0.572554349899292,0.3014719784259796,0.3228907287120819,0.5091903209686279,0.20079591870307922,0.050614893436431885,0.44397395849227905,0.17342817783355713,0.5091903209686279,0.14181272685527802,0.21571697294712067,0.13679222762584686,0.22841128706932068
the,0.6662389636039734,0.6521818041801453,0.3609684407711029,0.34736719727516174,1.0,0.18580520153045654,0.14992168545722961,0.5829201340675354,0.24890556931495667,1.0,0.19423319399356842,0.2516627907752991,0.25281965732574463,0.22068053483963013
v,0.15216681361198425,0.1653934270143509,0.12632298469543457,0.17618848383426666,0.18580520153045654,1.0,0.10860954970121384,0.21861357986927032,0.10510513931512833,0.18580520153045654,0.1380903124809265,0.13914543390274048,0.11078842729330063,0.28677162528038025
&,0.1358654648065567,0.16294614970684052,0.04340685158967972,0.160298690199852,0.14992168545722961,0.10860954970121384,0.9999998807907104,0.07266713678836823,0.161068856716156,0.14992168545722961,0.21531522274017334,0.10514858365058899,0.18749947845935822,0.12596383690834045
a,0.539380669593811,0.56894451379776,0.29350247979164124,0.2552328109741211,0.5829201340675354,0.21861357986927032,0.07266713678836823,1.0,0.22444266080856323,0.5829201340675354,0.21901263296604156,0.1799727976322174,0.24716788530349731,0.23916715383529663
received,0.2772020101547241,0.15137042105197906,0.2765277028083801,0.3125181496143341,0.24890556931495667,0.10510513931512833,0.161068856716156,0.22444266080856323,1.0000001192092896,0.24890556931495667,0.0889987051486969,0.17773562669754028,0.13904313743114471,0.11905962228775024
the,0.6662389636039734,0.6521818041801453,0.3609684407711029,0.34736719727516174,1.0,0.18580520153045654,0.14992168545722961,0.5829201340675354,0.24890556931495667,1.0,0.19423319399356842,0.2516627907752991,0.25281965732574463,0.22068053483963013
talbot,0.208988219499588,0.14675456285476685,0.19694426655769348,0.15025116503238678,0.19423319399356842,0.1380903124809265,0.21531522274017334,0.21901263296604156,0.0889987051486969,0.19423319399356842,1.0,0.3179439306259155,0.14488312602043152,0.16791950166225433
hughes,0.25162941217422485,0.16870784759521484,0.13420185446739197,0.18580825626850128,0.2516627907752991,0.13914543390274048,0.10514858365058899,0.1799727976322174,0.17773562669754028,0.2516627907752991,0.3179439306259155,0.9999998807907104,0.11185011267662048,0.1937333196401596
collection,0.23004686832427979,0.30199134349823,0.12698578834533691,0.13477008044719696,0.25281965732574463,0.11078842729330063,0.18749947845935822,0.24716788530349731,0.13904313743114471,0.25281965732574463,0.14488312602043152,0.11185011267662048,0.9999998807907104,0.20069393515586853
containing,0.2999787926673889,0.38797858357429504,0.09824387729167938,0.09856455773115158,0.268460214138031,0.09784503281116486,0.18217258155345917,0.2822553813457489,0.15046857297420502,0.268460214138031,0.1252099573612213,0.03327299281954765,0.31369683146476746,0.1655367761850357
"1,442",0.2661071717739105,0.08565439283847809,0.1837901622056961,0.28226470947265625,0.2176988124847412,0.184599369764328,0.1067361831665039,0.2223576456308365,0.2469404637813568,0.2176988124847412,0.16818897426128387,0.20819267630577087,0.0701371505856514,0.15878555178642273
costumes,0.20392239093780518,0.23087374866008759,0.1369619220495224,0.24208544194698334,0.2165670096874237,0.12391691654920578,0.08678845316171646,0.16726036369800568,0.1392846405506134,0.2165670096874237,0.1679123044013977,0.15305177867412567,0.2637207508087158,0.1693248301744461
and,0.4954058527946472,0.506277859210968,0.2506658732891083,0.34479495882987976,0.5171257257461548,0.19040757417678833,0.34093084931373596,0.3739250600337982,0.24762246012687683,0.5171257257461548,0.3384930491447449,0.30482640862464905,0.2379438579082489,0.20544172823429108
items,0.2189844399690628,0.33137381076812744,0.21008674800395966,0.1239788681268692,0.23580949008464813,0.07684866338968277,0.07111205160617828,0.2916238307952881,0.07761990278959274,0.23580949008464813,0.12647762894630432,0.09347433596849442,0.38827261328697205,0.19807128608226776
as,0.3887844979763031,0.41006597876548767,0.28440728783607483,0.3596470057964325,0.48381632566452026,0.10349564254283905,0.22134603559970856,0.39550232887268066,0.24595820903778076,0.48381632566452026,0.20072488486766815,0.21809400618076324,0.23568034172058105,0.27043893933296204
a,0.539380669593811,0.56894451379776,0.29350247979164124,0.2552328109741211,0.5829201340675354,0.21861357986927032,0.07266713678836823,1.0,0.22444266080856323,0.5829201340675354,0.21901263296604156,0.1799727976322174,0.24716788530349731,0.23916715383529663
gift,0.19502383470535278,0.2661541700363159,0.15077324211597443,0.203318253159523,0.23132675886154175,0.0961088165640831,0.09453762322664261,0.26155462861061096,0.27437207102775574,0.23132675886154175,0.18504931032657623,0.15865015983581543,0.28258222341537476,0.1950901448726654
from,0.4274188280105591,0.38755592703819275,0.2101740688085556,0.20248863101005554,0.40150508284568787,0.13980557024478912,0.14301162958145142,0.322764128446579,0.26433753967285156,0.40150508284568787,0.14571014046669006,0.2231694459915161,0.2754948139190674,0.19969791173934937
harrods,0.19906091690063477,0.2395962029695511,0.18047146499156952,0.1356862485408783,0.229437455534935,0.1784183830022812,0.3154285252094269,0.24286121129989624,0.18767786026000977,0.229437455534935,0.3563816547393799,0.2872287929058075,0.17235584557056427,0.11548254638910294
following,0.355264812707901,0.342348575592041,0.2646180987358093,0.28040066361427307,0.39779382944107056,0.09433599561452866,0.10744098573923111,0.27489006519317627,0.1125403568148613,0.39779382944107056,0.16570548713207245,0.12593397498130798,0.15194900333881378,0.1555173695087433
its,0.3793783485889435,0.5154205560684204,0.15338382124900818,0.19922670722007751,0.559237003326416,0.1524200141429901,0.11429427564144135,0.4424409866333008,0.18516770005226135,0.559237003326416,0.14223931729793549,0.10794410854578018,0.17449750006198883,0.15103481709957123
display,0.2005489468574524,0.28086164593696594,0.25464093685150146,0.10233704000711441,0.2758708596229553,0.09313943982124329,0.06782480329275131,0.24380744993686676,0.11731497198343277,0.2758708596229553,0.13258683681488037,0.10950654745101929,0.2803758680820465,0.17059175670146942
at,0.4374977946281433,0.3286694884300232,0.3146436810493469,0.28390252590179443,0.457212895154953,0.16234125196933746,0.12151119112968445,0.3095070421695709,0.2666997015476227,0.457212895154953,0.19416047632694244,0.2285752296447754,0.15476343035697937,0.21978627145290375
the,0.6662389636039734,0.6521818041801453,0.3609684407711029,0.34736719727516174,1.0,0.18580520153045654,0.14992168545722961,0.5829201340675354,0.24890556931495667,1.0,0.19423319399356842,0.2516627907752991,0.25281965732574463,0.22068053483963013
nearby,0.3131678104400635,0.29588741064071655,0.14648735523223877,0.2088260054588318,0.2903098165988922,0.0886361300945282,0.1130855605006218,0.19101864099502563,0.13411757349967957,0.2903098165988922,0.24258235096931458,0.13855427503585815,0.13241344690322876,0.07977716624736786
department,0.3254720866680145,0.17724695801734924,0.168870747089386,0.12130371481180191,0.32582083344459534,0.11911143362522125,0.1592111587524414,0.17256495356559753,0.2357504814863205,0.32582083344459534,0.15938915312290192,0.18634581565856934,0.23408176004886627,0.1343645304441452
store,0.3481425344944,0.25919073820114136,0.1138337180018425,0.12858980894088745,0.2639283239841461,0.09275170415639877,0.12728655338287354,0.25129345059394836,0.1465543806552887,0.2639283239841461,0.22278539836406708,0.08598069846630096,0.2755914032459259,0.17555226385593414
.,0.5591574311256409,0.45942068099975586,0.32538118958473206,0.35288307070732117,0.5934505462646484,0.2973858416080475,0.16452857851982117,0.50484299659729,0.25050681829452515,0.5934505462646484,0.2816450595855713,0.2956821620464325,0.2516246736049652,0.4130953550338745
