,what,are,some,examples,of,territories,where,a,member,state,is,responsible,for,external,relations,?
european,0.15324164927005768,0.15548661351203918,0.23190714418888092,0.16435566544532776,0.2507138252258301,0.22304438054561615,0.17414534091949463,0.2254103124141693,0.24138560891151428,0.17396335303783417,0.16083641350269318,0.1415894776582718,0.2838500738143921,0.12893468141555786,0.18307632207870483,0.14560863375663757
union,0.1396910548210144,0.15829040110111237,0.18898412585258484,0.09542730450630188,0.2642118036746979,0.29140767455101013,0.14066480100154877,0.18140026926994324,0.23030449450016022,0.2435850352048874,0.16997112333774567,0.13936881721019745,0.20406247675418854,0.16552507877349854,0.27456599473953247,0.07797172665596008
law,0.2145031988620758,0.13009320199489594,0.19280415773391724,0.18239840865135193,0.2816956341266632,0.24500150978565216,0.21956811845302582,0.2212858349084854,0.17515966296195984,0.2642555832862854,0.18597714602947235,0.21093475818634033,0.1650637686252594,0.20767050981521606,0.383909672498703,0.1528988480567932
also,0.42747777700424194,0.4565894305706024,0.6210381388664246,0.3816637396812439,0.4924938678741455,0.21955890953540802,0.5413004159927368,0.5149940252304077,0.2834150791168213,0.30592310428619385,0.5012649297714233,0.2941048741340637,0.5373267531394958,0.25900980830192566,0.3124222159385681,0.21848613023757935
applies,0.31565672159194946,0.3666144013404846,0.30885589122772217,0.3494270443916321,0.31259071826934814,0.18157239258289337,0.2858123183250427,0.30046921968460083,0.16308535635471344,0.24068069458007812,0.3432334363460541,0.24723410606384277,0.3683663010597229,0.31521815061569214,0.2386491745710373,0.3131009638309479
in,0.30808621644973755,0.3841303884983063,0.4010399878025055,0.25567561388015747,0.5696388483047485,0.27001065015792847,0.5344807505607605,0.539380669593811,0.20856694877147675,0.33316072821617126,0.5394441485404968,0.24309778213500977,0.4322226941585541,0.1451910436153412,0.22494478523731232,0.20430970191955566
territories,0.2053624987602234,0.23005296289920807,0.22677822411060333,0.22124910354614258,0.2877243757247925,1.0000001192092896,0.2165503203868866,0.15218117833137512,0.16273805499076843,0.33432114124298096,0.12577515840530396,0.19866180419921875,0.18598879873752594,0.16603083908557892,0.29010164737701416,0.11298645287752151
where,0.4457937180995941,0.32389864325523376,0.39480453729629517,0.2948688268661499,0.38066378235816956,0.2165503203868866,0.9999999403953552,0.40997210144996643,0.1601654589176178,0.2583591639995575,0.3586711287498474,0.17880591750144958,0.38599511981010437,0.27839329838752747,0.1637124866247177,0.24793872237205505
a,0.3320399522781372,0.265255331993103,0.34539633989334106,0.2633219361305237,0.5052502155303955,0.15218117833137512,0.40997210144996643,1.0,0.24081070721149445,0.25097307562828064,0.658733606338501,0.22119273245334625,0.44038116931915283,0.2258543223142624,0.19898086786270142,0.23916715383529663
member,0.09932345896959305,0.16299262642860413,0.15349145233631134,0.049407172948122025,0.2701796889305115,0.16273805499076843,0.1601654589176178,0.24081070721149445,0.9999998807907104,0.15961596369743347,0.2522773742675781,0.2347816526889801,0.2718653976917267,0.11369219422340393,0.24925947189331055,0.06826172769069672
state,0.24273863434791565,0.19951030611991882,0.23220913112163544,0.1801990419626236,0.34253445267677307,0.33432114124298096,0.2583591639995575,0.25097307562828064,0.15961596369743347,1.0,0.2627358138561249,0.25438734889030457,0.19460363686084747,0.1916329711675644,0.19964557886123657,0.1160883978009224
is,0.28837618231773376,0.5330929756164551,0.3038453459739685,0.29282552003860474,0.4854315221309662,0.12577515840530396,0.3586711287498474,0.658733606338501,0.2522773742675781,0.2627358138561249,1.0,0.24123810231685638,0.43268078565597534,0.11640631407499313,0.1847245991230011,0.22961433231830597
responsible,0.26869386434555054,0.2889936864376068,0.23173010349273682,0.22973565757274628,0.37070101499557495,0.19866180419921875,0.17880591750144958,0.22119273245334625,0.2347816526889801,0.25438734889030457,0.24123810231685638,1.0,0.35061514377593994,0.254395455121994,0.21544243395328522,0.11367333680391312
for,0.3017193675041199,0.3895993232727051,0.4257155656814575,0.3848060369491577,0.4185989499092102,0.18598879873752594,0.38599511981010437,0.44038116931915283,0.2718653976917267,0.19460363686084747,0.43268078565597534,0.35061514377593994,0.9999999403953552,0.2222568839788437,0.17916683852672577,0.264628142118454
external,0.2436257004737854,0.25311222672462463,0.3054448962211609,0.2881873846054077,0.23313403129577637,0.16603083908557892,0.27839329838752747,0.2258543223142624,0.11369219422340393,0.1916329711675644,0.11640631407499313,0.254395455121994,0.2222568839788437,1.0000001192092896,0.2650418281555176,0.18867096304893494
relations,0.184731587767601,0.16859184205532074,0.17812490463256836,0.22498753666877747,0.272710919380188,0.29010164737701416,0.1637124866247177,0.19898086786270142,0.24925947189331055,0.19964557886123657,0.1847245991230011,0.21544243395328522,0.17916683852672577,0.2650418281555176,1.0000001192092896,0.13942402601242065
",",0.3087472915649414,0.4062570035457611,0.42400437593460083,0.2687304615974426,0.4946078956127167,0.24120540916919708,0.3149496018886566,0.427140474319458,0.25757819414138794,0.29481780529022217,0.4691906273365021,0.2192283272743225,0.4464869201183319,0.16491012275218964,0.31318399310112,0.31091248989105225
for,0.3017193675041199,0.3895993232727051,0.4257155656814575,0.3848060369491577,0.4185989499092102,0.18598879873752594,0.38599511981010437,0.44038116931915283,0.2718653976917267,0.19460363686084747,0.43268078565597534,0.35061514377593994,0.9999999403953552,0.2222568839788437,0.17916683852672577,0.264628142118454
example,0.3456268310546875,0.4108889698982239,0.5190876126289368,0.7060196995735168,0.3570667505264282,0.19514122605323792,0.3688216209411621,0.40234753489494324,0.11702059209346771,0.20616412162780762,0.36737263202667236,0.2781866192817688,0.45665353536605835,0.2879669666290283,0.1893908679485321,0.30374911427497864
gibraltar,0.16690662503242493,0.13049882650375366,0.13961586356163025,0.16562877595424652,0.20142702758312225,0.35180729627609253,0.12126526981592178,0.1933329850435257,0.04667912423610687,0.1713821142911911,0.17936711013317108,0.1332823634147644,0.16317643225193024,0.16184082627296448,0.17357493937015533,0.07528825104236603
and,0.31309178471565247,0.48576638102531433,0.5337774157524109,0.35639533400535583,0.5116966962814331,0.3149210512638092,0.43859338760375977,0.3739250600337982,0.28606608510017395,0.2653750479221344,0.3859752118587494,0.29945531487464905,0.5064792633056641,0.23221412301063538,0.34710776805877686,0.20544172823429108
the,0.42745697498321533,0.40399202704429626,0.4566698372364044,0.30092597007751465,0.733189046382904,0.30191943049430847,0.5003893971443176,0.5829201340675354,0.2806392312049866,0.3097178041934967,0.5823672413825989,0.3305104374885559,0.4739971458911896,0.22874414920806885,0.2259310483932495,0.22068053483963013
åland,0.1521300971508026,0.23876817524433136,0.20114324986934662,0.1560775339603424,0.20503321290016174,0.4189833700656891,0.16890491545200348,0.18996275961399078,0.12697440385818481,0.18118350207805634,0.22138136625289917,0.09469235688447952,0.15925316512584686,0.16033925116062164,0.13456133008003235,0.18919521570205688
islands,0.12194207310676575,0.23168352246284485,0.18967799842357635,0.23448695242404938,0.277767539024353,0.4436521828174591,0.18639019131660461,0.2021784782409668,0.15459004044532776,0.153355672955513,0.18837878108024597,0.1681722104549408,0.20501042902469635,0.10679484903812408,0.19790935516357422,0.11824353039264679
.,0.3567904531955719,0.3452940285205841,0.40663889050483704,0.28905922174453735,0.5352458953857422,0.2594374716281891,0.41390106081962585,0.50484299659729,0.19907453656196594,0.31380724906921387,0.4569662809371948,0.2309054434299469,0.4726039469242096,0.18765710294246674,0.2321082353591919,0.4130953550338745
