,what,increases,rapidly,as,per,capita,income,increases,?
this,0.5489566326141357,0.38862746953964233,0.3095695376396179,0.43993282318115234,0.3059895932674408,0.20561426877975464,0.26293206214904785,0.38862746953964233,0.3155723512172699
pattern,0.2522786855697632,0.27769163250923157,0.31157737970352173,0.13999967277050018,0.12423436343669891,0.0981990322470665,0.11473938822746277,0.27769163250923157,0.20064511895179749
of,0.33290785551071167,0.3793904483318329,0.18131932616233826,0.3886612355709076,0.17468707263469696,0.21292807161808014,0.2581324577331543,0.3793904483318329,0.1826142966747284
higher,0.2538340389728546,0.507759690284729,0.26830029487609863,0.2691084146499634,0.21469023823738098,0.3133532702922821,0.2679516673088074,0.507759690284729,0.15679465234279633
incomes-longer,0.3778732120990753,0.465600848197937,0.33332133293151855,0.31344351172447205,0.33769190311431885,0.5362716913223267,0.7925778031349182,0.465600848197937,0.29923033714294434
lives,0.19772474467754364,0.08700290322303772,0.18376606702804565,0.17050504684448242,0.11308730393648148,0.1273077428340912,0.15556225180625916,0.08700290322303772,0.15810374915599823
still,0.4548931419849396,0.21174383163452148,0.26270267367362976,0.383881539106369,0.13977132737636566,0.16006484627723694,0.20433074235916138,0.21174383163452148,0.3039587736129761
holds,0.08176258951425552,0.2040053904056549,0.12939663231372833,0.1318790763616562,0.10271238535642624,0.11073347926139832,0.16868340969085693,0.2040053904056549,0.11379207670688629
among,0.21154822409152985,0.255890816450119,0.18715694546699524,0.3329014778137207,0.17061084508895874,0.24543821811676025,0.2684326171875,0.255890816450119,0.14343059062957764
poorer,0.21893715858459473,0.34784460067749023,0.31470414996147156,0.240081787109375,0.23244495689868927,0.35348808765411377,0.44131019711494446,0.34784460067749023,0.14399310946464539
countries,0.22319257259368896,0.21106921136379242,0.21587027609348297,0.2406298965215683,0.1625177562236786,0.2619713246822357,0.2989959716796875,0.21106921136379242,0.15128466486930847
",",0.3087472915649414,0.17835964262485504,0.19603270292282104,0.48816442489624023,0.26711323857307434,0.2819269299507141,0.19703416526317596,0.17835964262485504,0.31091248989105225
where,0.4457937180995941,0.23101596534252167,0.2290879338979721,0.35409465432167053,0.17782405018806458,0.13423053920269012,0.17280876636505127,0.23101596534252167,0.24793872237205505
life,0.24693015217781067,0.1587619185447693,0.1373865008354187,0.23248597979545593,0.10651421546936035,0.1359635591506958,0.22996409237384796,0.1587619185447693,0.21677987277507782
expectancy,0.2736549377441406,0.5016212463378906,0.27697935700416565,0.25937268137931824,0.2723170816898346,0.40378937125205994,0.487785279750824,0.5016212463378906,0.1959744244813919
increases,0.23849372565746307,1.0000001192092896,0.3965020179748535,0.24451245367527008,0.3106730580329895,0.2854897677898407,0.3327620327472687,1.0000001192092896,0.10270863026380539
rapidly,0.20276354253292084,0.3965020179748535,1.0,0.27403390407562256,0.1823650747537613,0.17241546511650085,0.2090952843427658,0.3965020179748535,0.11245343834161758
as,0.31749409437179565,0.24451245367527008,0.27403390407562256,1.0,0.24272821843624115,0.21674025058746338,0.1530616581439972,0.24451245367527008,0.27043893933296204
per,0.21384303271770477,0.3106730580329895,0.1823650747537613,0.24272821843624115,0.9999999403953552,0.49550196528434753,0.3292527496814728,0.3106730580329895,0.22323818504810333
capita,0.20979470014572144,0.2854897677898407,0.17241546511650085,0.21674025058746338,0.49550196528434753,0.9999998807907104,0.5916540622711182,0.2854897677898407,0.21739831566810608
income,0.21837803721427917,0.3327620327472687,0.2090952843427658,0.1530616581439972,0.3292527496814728,0.5916540622711182,1.0,0.3327620327472687,0.14935168623924255
increases,0.23849372565746307,1.0000001192092896,0.3965020179748535,0.24451245367527008,0.3106730580329895,0.2854897677898407,0.3327620327472687,1.0000001192092896,0.10270863026380539
",",0.3087472915649414,0.17835964262485504,0.19603270292282104,0.48816442489624023,0.26711323857307434,0.2819269299507141,0.19703416526317596,0.17835964262485504,0.31091248989105225
but,0.5029441118240356,0.24422331154346466,0.2475651353597641,0.4864770472049713,0.23535513877868652,0.2253004014492035,0.22640815377235413,0.24422331154346466,0.27921953797340393
in,0.30808621644973755,0.2302049696445465,0.24791336059570312,0.3887844979763031,0.1975519210100174,0.21924816071987152,0.1795814335346222,0.2302049696445465,0.20430970191955566
recent,0.24256184697151184,0.26487281918525696,0.25603875517845154,0.2755057215690613,0.24629482626914978,0.19263358414173126,0.23530134558677673,0.26487281918525696,0.2544887959957123
decades,0.12673556804656982,0.3045979142189026,0.31360000371932983,0.2679493725299835,0.161715567111969,0.23547320067882538,0.2531171143054962,0.3045979142189026,0.06808225065469742
it,0.45803478360176086,0.25594741106033325,0.29140642285346985,0.4461488723754883,0.23846909403800964,0.19750863313674927,0.17110911011695862,0.25594741106033325,0.25732165575027466
has,0.20338068902492523,0.3269798159599304,0.23179937899112701,0.351646363735199,0.28151726722717285,0.21049632132053375,0.20378613471984863,0.3269798159599304,0.15994466841220856
slowed,0.19021867215633392,0.42158380150794983,0.44060665369033813,0.142316997051239,0.17858150601387024,0.12379838526248932,0.1248282939195633,0.42158380150794983,0.10585252940654755
down,0.26226112246513367,0.2518933415412903,0.23110763728618622,0.2080715298652649,0.11419454962015152,0.09294597059488297,0.11966206878423691,0.2518933415412903,0.13836295902729034
among,0.21154822409152985,0.255890816450119,0.18715694546699524,0.3329014778137207,0.17061084508895874,0.24543821811676025,0.2684326171875,0.255890816450119,0.14343059062957764
middle,0.18312302231788635,0.15899986028671265,0.21098139882087708,0.2141454964876175,0.10084592550992966,0.16711671650409698,0.2744423747062683,0.15899986028671265,0.13139553368091583
income,0.21837803721427917,0.3327620327472687,0.2090952843427658,0.1530616581439972,0.3292527496814728,0.5916540622711182,1.0,0.3327620327472687,0.14935168623924255
countries,0.22319257259368896,0.21106921136379242,0.21587027609348297,0.2406298965215683,0.1625177562236786,0.2619713246822357,0.2989959716796875,0.21106921136379242,0.15128466486930847
and,0.31309178471565247,0.2800044119358063,0.2722635865211487,0.49487000703811646,0.21036672592163086,0.21602581441402435,0.2518245577812195,0.2800044119358063,0.20544172823429108
plateaued,0.19516432285308838,0.2521985173225403,0.2246888130903244,0.15094582736492157,0.14041313529014587,0.272790789604187,0.2522563338279724,0.2521985173225403,0.1809154897928238
among,0.21154822409152985,0.255890816450119,0.18715694546699524,0.3329014778137207,0.17061084508895874,0.24543821811676025,0.2684326171875,0.255890816450119,0.14343059062957764
the,0.42745697498321533,0.38141000270843506,0.26927268505096436,0.48381632566452026,0.21691934764385223,0.21010279655456543,0.23699946701526642,0.38141000270843506,0.22068053483963013
richest,0.15347081422805786,0.19207581877708435,0.15045517683029175,0.23500661551952362,0.12375099211931229,0.3360271453857422,0.43902072310447693,0.19207581877708435,0.15691500902175903
thirty,0.20542021095752716,0.16366583108901978,0.08566467463970184,0.22244498133659363,0.17206671833992004,0.2192603498697281,0.1906270980834961,0.16366583108901978,0.12186062335968018
or,0.33867141604423523,0.35870352387428284,0.2532684803009033,0.4400654137134552,0.2710694968700409,0.27777019143104553,0.2201215922832489,0.35870352387428284,0.32389625906944275
so,0.539469838142395,0.3392600417137146,0.31476545333862305,0.4399555027484894,0.2185821384191513,0.17696160078048706,0.21857722103595734,0.3392600417137146,0.43163934350013733
countries,0.22319257259368896,0.21106921136379242,0.21587027609348297,0.2406298965215683,0.1625177562236786,0.2619713246822357,0.2989959716796875,0.21106921136379242,0.15128466486930847
in,0.30808621644973755,0.2302049696445465,0.24791336059570312,0.3887844979763031,0.1975519210100174,0.21924816071987152,0.1795814335346222,0.2302049696445465,0.20430970191955566
the,0.42745697498321533,0.38141000270843506,0.26927268505096436,0.48381632566452026,0.21691934764385223,0.21010279655456543,0.23699946701526642,0.38141000270843506,0.22068053483963013
world,0.21669597923755646,0.14689229428768158,0.17864346504211426,0.22848254442214966,0.21362069249153137,0.13239815831184387,0.14496220648288727,0.14689229428768158,0.17579582333564758
.,0.3567904531955719,0.22987256944179535,0.22369088232517242,0.515582263469696,0.2729434370994568,0.23330067098140717,0.26448529958724976,0.22987256944179535,0.4130953550338745
