,the,brotherhood,was,the,only,opposition,group,in,egypt,able,to,do,what,during,elections,?
for,0.4739971458911896,0.21096177399158478,0.3863949179649353,0.4739971458911896,0.49157920479774475,0.2402389794588089,0.24519909918308258,0.4322226941585541,0.17121455073356628,0.2947812080383301,0.4451248347759247,0.29510271549224854,0.3017193675041199,0.3448435664176941,0.24397696554660797,0.264628142118454
many,0.4335206151008606,0.1939658224582672,0.260356068611145,0.4335206151008606,0.4670507609844208,0.2189795970916748,0.2776661217212677,0.41474202275276184,0.22281014919281006,0.29809945821762085,0.40243685245513916,0.38738366961479187,0.36131182312965393,0.3661181330680847,0.21431829035282135,0.2124512493610382
years,0.2912273406982422,0.139590784907341,0.35855233669281006,0.2912273406982422,0.3296830952167511,0.1943155974149704,0.16637369990348816,0.33554986119270325,0.2055041790008545,0.2089659720659256,0.23891852796077728,0.180253803730011,0.1981470286846161,0.39110565185546875,0.2703917622566223,0.1914375126361847
it,0.6251175999641418,0.11445514112710953,0.4577186405658722,0.6251175999641418,0.46795082092285156,0.17871727049350739,0.2364906221628189,0.5130809545516968,0.19072668254375458,0.28575974702835083,0.513711154460907,0.337066113948822,0.45803478360176086,0.26678937673568726,0.20681452751159668,0.25732165575027466
was,0.48711544275283813,0.2586901783943176,1.0000001192092896,0.48711544275283813,0.36249664425849915,0.27720752358436584,0.1789962202310562,0.45514053106307983,0.20915520191192627,0.19031302630901337,0.3636345863342285,0.11523093283176422,0.22111038863658905,0.4470829963684082,0.26122042536735535,0.18412111699581146
described,0.2878154516220093,0.17173413932323456,0.2883506715297699,0.2878154516220093,0.22390316426753998,0.17330297827720642,0.16434286534786224,0.28813880681991577,0.18029870092868805,0.20807720720767975,0.16602091491222382,0.15660309791564941,0.22590412199497223,0.25197264552116394,0.1503545194864273,0.1374269425868988
as,0.48381632566452026,0.22813482582569122,0.3677520453929901,0.48381632566452026,0.41781148314476013,0.25817179679870605,0.2519444227218628,0.3887844979763031,0.23453333973884583,0.24929028749465942,0.42092081904411316,0.38329678773880005,0.31749409437179565,0.29671990871429443,0.22077864408493042,0.27043893933296204
``,0.029072100296616554,-0.030100610107183456,-0.012679691426455975,0.029072100296616554,0.11061053723096848,0.11373624205589294,0.14310015738010406,0.04765888676047325,0.0835157185792923,0.014177370816469193,0.06720756739377975,0.06628920882940292,0.008517155423760414,0.007871326059103012,0.14722959697246552,0.0685480609536171
semi-legal,0.33931395411491394,0.3478664755821228,0.24719834327697754,0.33931395411491394,0.33282122015953064,0.3233640193939209,0.26711857318878174,0.34211766719818115,0.2704008221626282,0.26487651467323303,0.3371101915836334,0.3346867263317108,0.3640534281730652,0.2065202295780182,0.389922559261322,0.2984592914581299
'',0.041273195296525955,-0.033341601490974426,0.04456103965640068,0.041273195296525955,-0.015845878049731255,-0.013324500992894173,0.017886392772197723,0.07432962208986282,-0.069515660405159,-0.06382150202989578,-0.009905828163027763,-0.00043653504690155387,0.08143015950918198,-0.08359146863222122,-0.006747634615749121,0.018684765323996544
and,0.5171257257461548,0.26239755749702454,0.3740963041782379,0.5171257257461548,0.4542345404624939,0.23348990082740784,0.3510662019252777,0.4954058527946472,0.25949424505233765,0.3303895890712738,0.48971283435821533,0.276123583316803,0.31309178471565247,0.36462149024009705,0.21463163197040558,0.20544172823429108
was,0.48711544275283813,0.2586901783943176,1.0000001192092896,0.48711544275283813,0.36249664425849915,0.27720752358436584,0.1789962202310562,0.45514053106307983,0.20915520191192627,0.19031302630901337,0.3636345863342285,0.11523093283176422,0.22111038863658905,0.4470829963684082,0.26122042536735535,0.18412111699581146
the,1.0,0.2368839830160141,0.48711544275283813,1.0,0.5497692227363586,0.26783087849617004,0.30795547366142273,0.6662389636039734,0.2536296546459198,0.3435857892036438,0.535392165184021,0.30239659547805786,0.42745697498321533,0.4838213622570038,0.23646192252635956,0.22068053483963013
only,0.5497692227363586,0.1908508986234665,0.36249664425849915,0.5497692227363586,1.0,0.23577946424484253,0.28742367029190063,0.42992329597473145,0.20357921719551086,0.42804116010665894,0.5096819996833801,0.36438748240470886,0.41415658593177795,0.3186368942260742,0.2455044984817505,0.2767370045185089
opposition,0.26783087849617004,0.3289175033569336,0.27720752358436584,0.26783087849617004,0.23577946424484253,0.9999998807907104,0.2635396122932434,0.21703043580055237,0.21447131037712097,0.1953684240579605,0.2251589596271515,0.1712726205587387,0.2798226773738861,0.21579498052597046,0.49581587314605713,0.15647298097610474
group,0.30795547366142273,0.29118356108665466,0.1789962202310562,0.30795547366142273,0.28742367029190063,0.2635396122932434,0.9999999403953552,0.2304753065109253,0.14203152060508728,0.1275913566350937,0.2672896385192871,0.18869154155254364,0.2114069163799286,0.18818572163581848,0.15918472409248352,0.13827809691429138
in,0.6662389636039734,0.15295812487602234,0.45514053106307983,0.6662389636039734,0.42992329597473145,0.21703043580055237,0.2304753065109253,1.0,0.21889975666999817,0.23456627130508423,0.45010748505592346,0.23402775824069977,0.30808621644973755,0.4627237319946289,0.2604275643825531,0.20430970191955566
egypt,0.2536296546459198,0.29069802165031433,0.20915520191192627,0.2536296546459198,0.20357921719551086,0.21447131037712097,0.14203152060508728,0.21889975666999817,1.0,0.11129610240459442,0.2233564704656601,0.18633179366588593,0.1976596713066101,0.20927612483501434,0.16744616627693176,0.17769601941108704
able,0.3435857892036438,0.12710796296596527,0.19031302630901337,0.3435857892036438,0.42804116010665894,0.1953684240579605,0.1275913566350937,0.23456627130508423,0.11129610240459442,1.0,0.529755175113678,0.3714774549007416,0.3404487371444702,0.23386408388614655,0.21802829205989838,0.260649710893631
to,0.535392165184021,0.21977385878562927,0.3636345863342285,0.535392165184021,0.5096819996833801,0.2251589596271515,0.2672896385192871,0.45010748505592346,0.2233564704656601,0.529755175113678,1.0,0.38876664638519287,0.455847829580307,0.2828781306743622,0.23835663497447968,0.29463258385658264
field,0.2105809599161148,0.1579519659280777,0.15975919365882874,0.2105809599161148,0.221044659614563,0.147225022315979,0.17596715688705444,0.20553018152713776,0.13515353202819824,0.1889060139656067,0.2647967040538788,0.1733429878950119,0.1825202852487564,0.10801912844181061,0.10927154123783112,0.11279727518558502
candidates,0.2590187191963196,0.27257877588272095,0.1505247950553894,0.2590187191963196,0.2927277982234955,0.38690170645713806,0.16368059813976288,0.18556222319602966,0.10644412040710449,0.228046253323555,0.26112937927246094,0.1995852142572403,0.21254537999629974,0.1410737931728363,0.6226896643638611,0.2568073272705078
during,0.4838213622570038,0.20261836051940918,0.4470829963684082,0.4838213622570038,0.3186368942260742,0.21579498052597046,0.18818572163581848,0.4627237319946289,0.20927612483501434,0.23386408388614655,0.2828781306743622,0.1831897497177124,0.24137552082538605,1.0,0.24281273782253265,0.1325719803571701
elections,0.23646192252635956,0.28053900599479675,0.26122042536735535,0.23646192252635956,0.2455044984817505,0.49581587314605713,0.15918472409248352,0.2604275643825531,0.16744616627693176,0.21802829205989838,0.23835663497447968,0.18452391028404236,0.2432289719581604,0.24281273782253265,1.0,0.2319818139076233
.,0.5934505462646484,0.15035925805568695,0.40146201848983765,0.5934505462646484,0.49507418274879456,0.2079138308763504,0.27268800139427185,0.5591574311256409,0.2821582555770874,0.34544092416763306,0.4645031690597534,0.3613996207714081,0.3567904531955719,0.3485563397407532,0.27339601516723633,0.4130953550338745
