,what,must,the,adoption,of,laws,which,will,have,legal,effect,in,the,eu,have,?
the,0.42745697498321533,0.2713140547275543,1.0,0.27656617760658264,0.733189046382904,0.2587076723575592,0.6521818041801453,0.3635469079017639,0.40389683842658997,0.25629305839538574,0.2865084111690521,0.6662389636039734,1.0,0.14126400649547577,0.40389683842658997,0.22068053483963013
adoption,0.2520635426044464,0.22327251732349396,0.27656617760658264,1.0,0.2520056962966919,0.36068931221961975,0.23316243290901184,0.24828170239925385,0.30257096886634827,0.33184975385665894,0.27953287959098816,0.24107742309570312,0.27656617760658264,0.27590903639793396,0.30257096886634827,0.23771828413009644
of,0.33290785551071167,0.24322323501110077,0.733189046382904,0.2520056962966919,1.0,0.2539142072200775,0.5011631846427917,0.2473582625389099,0.3802283704280853,0.2720220685005188,0.24129827320575714,0.5696388483047485,0.733189046382904,0.1579294353723526,0.3802283704280853,0.1826142966747284
laws,0.29636016488075256,0.306985467672348,0.2587076723575592,0.36068931221961975,0.2539142072200775,1.0,0.271426796913147,0.21988226473331451,0.250083863735199,0.5096586346626282,0.21134774386882782,0.2591988444328308,0.2587076723575592,0.2651735842227936,0.250083863735199,0.17911791801452637
which,0.5261979103088379,0.3048936426639557,0.6521818041801453,0.23316243290901184,0.5011631846427917,0.271426796913147,1.0,0.3827246427536011,0.49652695655822754,0.22899343073368073,0.33791235089302063,0.4840516746044159,0.6521818041801453,0.15620915591716766,0.49652695655822754,0.25814583897590637
will,0.3510494530200958,0.6255001425743103,0.3635469079017639,0.24828170239925385,0.2473582625389099,0.21988226473331451,0.3827246427536011,1.0,0.4443284869194031,0.20266368985176086,0.2666606903076172,0.2580665349960327,0.3635469079017639,0.21232692897319794,0.4443284869194031,0.35046905279159546
have,0.39808809757232666,0.4243750274181366,0.40389683842658997,0.30257096886634827,0.3802283704280853,0.250083863735199,0.49652695655822754,0.4443284869194031,0.9999999403953552,0.2777758538722992,0.27919867634773254,0.36843645572662354,0.40389683842658997,0.1317766159772873,0.9999999403953552,0.32991164922714233
legal,0.26388198137283325,0.28783610463142395,0.25629305839538574,0.33184975385665894,0.2720220685005188,0.5096586346626282,0.22899343073368073,0.20266368985176086,0.2777758538722992,0.9999998807907104,0.15357206761837006,0.256083607673645,0.25629305839538574,0.2780792713165283,0.2777758538722992,0.2143220454454422
effect,0.2546532452106476,0.19578105211257935,0.2865084111690521,0.27953287959098816,0.24129827320575714,0.21134774386882782,0.33791235089302063,0.2666606903076172,0.27919867634773254,0.15357206761837006,1.0,0.25150683522224426,0.2865084111690521,0.17019137740135193,0.27919867634773254,0.1783771812915802
in,0.30808621644973755,0.18276341259479523,0.6662389636039734,0.24107742309570312,0.5696388483047485,0.2591988444328308,0.4840516746044159,0.2580665349960327,0.36843645572662354,0.256083607673645,0.25150683522224426,1.0,0.6662389636039734,0.12919096648693085,0.36843645572662354,0.20430970191955566
the,0.42745697498321533,0.2713140547275543,1.0,0.27656617760658264,0.733189046382904,0.2587076723575592,0.6521818041801453,0.3635469079017639,0.40389683842658997,0.25629305839538574,0.2865084111690521,0.6662389636039734,1.0,0.14126400649547577,0.40389683842658997,0.22068053483963013
european,0.15324164927005768,0.1109110563993454,0.3423081040382385,0.3081880211830139,0.2507138252258301,0.21827232837677002,0.2234036773443222,0.1400226652622223,0.19048169255256653,0.23288588225841522,0.12194139510393143,0.23319172859191895,0.3423081040382385,0.46552222967147827,0.19048169255256653,0.14560863375663757
union,0.1396910548210144,0.13293860852718353,0.24421639740467072,0.2734549045562744,0.2642118036746979,0.2677162289619446,0.23846890032291412,0.17046132683753967,0.16471676528453827,0.20605236291885376,0.11457715183496475,0.22726479172706604,0.24421639740467072,0.3292396068572998,0.16471676528453827,0.07797172665596008
must,0.30362528562545776,1.0,0.2713140547275543,0.22327251732349396,0.24322323501110077,0.306985467672348,0.3048936426639557,0.6255001425743103,0.4243750274181366,0.28783610463142395,0.19578105211257935,0.18276341259479523,0.2713140547275543,0.15937310457229614,0.4243750274181366,0.23707495629787445
have,0.39808809757232666,0.4243750274181366,0.40389683842658997,0.30257096886634827,0.3802283704280853,0.250083863735199,0.49652695655822754,0.4443284869194031,0.9999999403953552,0.2777758538722992,0.27919867634773254,0.36843645572662354,0.40389683842658997,0.1317766159772873,0.9999999403953552,0.32991164922714233
a,0.3320399522781372,0.3016769587993622,0.5829201340675354,0.27720558643341064,0.5052502155303955,0.1722979098558426,0.56894451379776,0.3401327431201935,0.338716596364975,0.24255292117595673,0.24771364033222198,0.539380669593811,0.5829201340675354,0.13932566344738007,0.338716596364975,0.23916715383529663
proper,0.3295817971229553,0.33437594771385193,0.3680674135684967,0.23786090314388275,0.3278234004974365,0.1946592628955841,0.3783096969127655,0.2760058045387268,0.3235519230365753,0.2978934049606323,0.27830514311790466,0.23365779221057892,0.3680674135684967,0.2133398950099945,0.3235519230365753,0.2291053831577301
legal,0.26388198137283325,0.28783610463142395,0.25629305839538574,0.33184975385665894,0.2720220685005188,0.5096586346626282,0.22899343073368073,0.20266368985176086,0.2777758538722992,0.9999998807907104,0.15357206761837006,0.256083607673645,0.25629305839538574,0.2780792713165283,0.2777758538722992,0.2143220454454422
basis,0.27055948972702026,0.2530832886695862,0.2758672833442688,0.3101539611816406,0.282950758934021,0.29230648279190063,0.37668848037719727,0.22077655792236328,0.3479577302932739,0.29961448907852173,0.2569039762020111,0.24894960224628448,0.2758672833442688,0.1712266206741333,0.3479577302932739,0.14255106449127197
.,0.3567904531955719,0.27722811698913574,0.5934505462646484,0.22541287541389465,0.5352458953857422,0.2222834676504135,0.45942068099975586,0.33682769536972046,0.41614407300949097,0.24492493271827698,0.2277858853340149,0.5591574311256409,0.5934505462646484,0.1552242487668991,0.41614407300949097,0.4130953550338745
