,which,company,provided,streetcar,connections,between,downtown,and,the,hospital,?
this,0.6719430088996887,0.2114456593990326,0.3166451156139374,0.21136942505836487,0.2915443181991577,0.29040461778640747,0.15446637570858002,0.42353692650794983,0.6274310946464539,0.10548729449510574,0.3155723512172699
rapid,0.29233717918395996,0.1714400351047516,0.15554587543010712,0.2482524812221527,0.22070591151714325,0.1451440155506134,0.22335003316402435,0.15131959319114685,0.24250900745391846,0.16164939105510712,0.17199881374835968
development,0.3198052942752838,0.23337338864803314,0.21934284269809723,0.22852899134159088,0.29511988162994385,0.14466792345046997,0.22872231900691986,0.26069340109825134,0.3362044394016266,0.15013667941093445,0.1211358830332756
was,0.2830964922904968,0.2293137013912201,0.2404836267232895,0.2776646614074707,0.2256079763174057,0.24048170447349548,0.20767293870449066,0.3740963041782379,0.48711544275283813,0.2941000163555145,0.18412111699581146
no,0.32479003071784973,0.14901213347911835,0.3263758718967438,0.17238973081111908,0.23502026498317719,0.16708187758922577,0.13827890157699585,0.25880882143974304,0.3461136817932129,0.11752446740865707,0.32165053486824036
doubt,0.25572970509529114,0.07159750163555145,0.30471548438072205,0.17920555174350739,0.2008070945739746,0.10527899116277695,0.11006708443164825,0.24486371874809265,0.22196529805660248,0.07141575217247009,0.3371197581291199
hastened,0.29188257455825806,0.17856262624263763,0.1672235131263733,0.16096389293670654,0.16703546047210693,0.15285828709602356,0.17224356532096863,0.15482312440872192,0.28936365246772766,0.21235208213329315,0.13334709405899048
by,0.40543368458747864,0.22328482568264008,0.2935292720794678,0.27429869771003723,0.22269801795482635,0.28115302324295044,0.12360361963510513,0.4289871156215668,0.4408751428127289,0.12463296204805374,0.17966607213020325
the,0.6521818041801453,0.26591673493385315,0.304488867521286,0.24600356817245483,0.31443437933921814,0.39067012071609497,0.2602716088294983,0.5171257257461548,1.0,0.17318566143512726,0.22068053483963013
fresno,0.14756552875041962,0.1543436050415039,0.16723278164863586,0.25434309244155884,0.2075217217206955,0.1513681411743164,0.29853299260139465,0.21513071656227112,0.22571885585784912,0.35835888981819153,0.13224096596240997
traction,0.34861698746681213,0.27291953563690186,0.21535933017730713,0.36440467834472656,0.3041123151779175,0.2118757665157318,0.22302794456481934,0.19237478077411652,0.2531668245792389,0.17042094469070435,0.14741027355194092
company,0.25990763306617737,1.0,0.22792533040046692,0.34224873781204224,0.164738729596138,0.10894446820020676,0.20560455322265625,0.23788511753082275,0.26591673493385315,0.1759711652994156,0.12195809185504913
right-of-way,0.28358152508735657,0.2156384289264679,0.28255370259284973,0.3456234037876129,0.3161022365093231,0.16645079851150513,0.3154473304748535,0.3040122985839844,0.3485116958618164,0.14509235322475433,0.2702099680900574
along,0.33404073119163513,0.1564980149269104,0.18674929440021515,0.308467835187912,0.34116148948669434,0.3784843385219574,0.287798672914505,0.4213258922100067,0.39495137333869934,0.14203104376792908,0.17134909331798553
huntington,0.2247282713651657,0.17233236134052277,0.13934822380542755,0.26377439498901367,0.16775111854076385,0.12582311034202576,0.24855518341064453,0.267645001411438,0.26236510276794434,0.2885942757129669,0.1482890248298645
boulevard,0.2049608677625656,0.15234075486660004,0.04193096235394478,0.40658146142959595,0.2517406940460205,0.15766221284866333,0.4563027322292328,0.22068525850772858,0.27917832136154175,0.1728261262178421,0.06742092967033386
",",0.3658004403114319,0.2697763442993164,0.27036961913108826,0.21909771859645844,0.27407124638557434,0.27714940905570984,0.2289871871471405,0.6633074283599854,0.4933079481124878,0.24744091928005219,0.31091248989105225
which,1.0,0.25990763306617737,0.26667746901512146,0.253793329000473,0.33893296122550964,0.395174115896225,0.22559411823749542,0.506277859210968,0.6521818041801453,0.14132514595985413,0.25814583897590637
provided,0.26667746901512146,0.22792533040046692,1.0,0.2291528582572937,0.33825793862342834,0.23246657848358154,0.09869148582220078,0.35591721534729004,0.304488867521286,0.10747940838336945,0.16893617808818817
streetcar,0.253793329000473,0.34224873781204224,0.2291528582572937,1.0000001192092896,0.38749411702156067,0.22333581745624542,0.44813624024391174,0.2940663695335388,0.24600356817245483,0.2551899552345276,0.15548254549503326
connections,0.33893296122550964,0.164738729596138,0.33825793862342834,0.38749411702156067,1.0,0.38350194692611694,0.2574535012245178,0.3397684693336487,0.31443437933921814,0.19162718951702118,0.14831478893756866
between,0.395174115896225,0.10894446820020676,0.23246657848358154,0.22333581745624542,0.38350194692611694,0.9999999403953552,0.11887507885694504,0.40645647048950195,0.39067012071609497,0.12208566069602966,0.12887074053287506
downtown,0.22559411823749542,0.20560455322265625,0.09869148582220078,0.44813624024391174,0.2574535012245178,0.11887507885694504,1.0,0.20503629744052887,0.2602716088294983,0.27234867215156555,0.15638743340969086
and,0.506277859210968,0.23788511753082275,0.35591721534729004,0.2940663695335388,0.3397684693336487,0.40645647048950195,0.20503629744052887,1.0,0.5171257257461548,0.20068348944187164,0.20544172823429108
the,0.6521818041801453,0.26591673493385315,0.304488867521286,0.24600356817245483,0.31443437933921814,0.39067012071609497,0.2602716088294983,0.5171257257461548,1.0,0.17318566143512726,0.22068053483963013
county,0.1709478199481964,0.19031664729118347,0.1531742811203003,0.2783600389957428,0.06229414418339729,0.1423700600862503,0.3185681700706482,0.2045455276966095,0.21715226769447327,0.1405991166830063,0.07680056244134903
hospital,0.14132514595985413,0.1759711652994156,0.10747940838336945,0.2551899552345276,0.19162718951702118,0.12208566069602966,0.27234867215156555,0.20068348944187164,0.17318566143512726,1.0,0.12508831918239594
.,0.45942068099975586,0.266353577375412,0.22066283226013184,0.2618800103664398,0.2633778750896454,0.30295518040657043,0.2247719168663025,0.588965117931366,0.5934505462646484,0.21275769174098969,0.4130953550338745
