,does,the,residential,architecture,of,the,tower,district,compare,or,contrast,with,other,part,of,fresno,?
the,0.35928019881248474,1.0,0.25597885251045227,0.24488379061222076,0.733189046382904,1.0,0.2398453801870346,0.2690705955028534,0.26994526386260986,0.4174870550632477,0.25799670815467834,0.4223487675189972,0.44152235984802246,0.527681291103363,0.733189046382904,0.22571885585784912,0.22068053483963013
residential,0.16988180577754974,0.25597885251045227,0.9999998807907104,0.34051358699798584,0.2898116707801819,0.25597885251045227,0.35473376512527466,0.32547399401664734,0.13547226786613464,0.24983489513397217,0.19632814824581146,0.1867385059595108,0.18447624146938324,0.205752432346344,0.2898116707801819,0.23178152740001678,0.08603290468454361
architecture,0.09989354759454727,0.24488379061222076,0.34051358699798584,1.0,0.2756515443325043,0.24488379061222076,0.30723464488983154,0.16110259294509888,0.24824301898479462,0.15724597871303558,0.2584315538406372,0.1400839239358902,0.25322556495666504,0.21366946399211884,0.2756515443325043,0.10864338278770447,0.14343059062957764
of,0.3119818866252899,0.733189046382904,0.2898116707801819,0.2756515443325043,1.0,0.733189046382904,0.2271278351545334,0.2673880457878113,0.27714359760284424,0.3792596757411957,0.3046875298023224,0.41827285289764404,0.38583824038505554,0.452393114566803,1.0,0.1875009983778,0.1826142966747284
the,0.35928019881248474,1.0,0.25597885251045227,0.24488379061222076,0.733189046382904,1.0,0.2398453801870346,0.2690705955028534,0.26994526386260986,0.4174870550632477,0.25799670815467834,0.4223487675189972,0.44152235984802246,0.527681291103363,0.733189046382904,0.22571885585784912,0.22068053483963013
tower,0.12271039187908173,0.2398453801870346,0.35473376512527466,0.30723464488983154,0.2271278351545334,0.2398453801870346,1.0,0.20217934250831604,0.07896130532026291,0.19545654952526093,0.11923705041408539,0.14200076460838318,0.16673573851585388,0.17812524735927582,0.2271278351545334,0.13243645429611206,0.10395228117704391
district,0.10702236741781235,0.2690705955028534,0.32547399401664734,0.16110259294509888,0.2673880457878113,0.2690705955028534,0.20217934250831604,1.0,0.04304896295070648,0.126649409532547,0.13700199127197266,0.12251965701580048,0.11919610947370529,0.2923854887485504,0.2673880457878113,0.16571244597434998,0.06725285202264786
contrasts,0.3055846691131592,0.2933311462402344,0.1969260275363922,0.23453845083713531,0.31440287828445435,0.2933311462402344,0.08804839104413986,0.09187956899404526,0.36413267254829407,0.4013614356517792,0.8867340087890625,0.3101012706756592,0.35367241501808167,0.24632200598716736,0.31440287828445435,0.09655896574258804,0.1410476267337799
with,0.26186925172805786,0.4223487675189972,0.1867385059595108,0.1400839239358902,0.41827285289764404,0.4223487675189972,0.14200076460838318,0.12251965701580048,0.2636381685733795,0.38158315420150757,0.24865740537643433,0.9999999403953552,0.44086363911628723,0.294111043214798,0.41827285289764404,0.20853616297245026,0.2433311939239502
the,0.35928019881248474,1.0,0.25597885251045227,0.24488379061222076,0.733189046382904,1.0,0.2398453801870346,0.2690705955028534,0.26994526386260986,0.4174870550632477,0.25799670815467834,0.4223487675189972,0.44152235984802246,0.527681291103363,0.733189046382904,0.22571885585784912,0.22068053483963013
newer,0.21993614733219147,0.28440263867378235,0.1709187775850296,0.3244650363922119,0.2585242986679077,0.28440263867378235,0.261177659034729,0.07004138082265854,0.33105725049972534,0.33895811438560486,0.2884726822376251,0.25926753878593445,0.3673652112483978,0.21040552854537964,0.2585242986679077,0.09344768524169922,0.15615598857402802
areas,0.19766740500926971,0.3311663568019867,0.3528323173522949,0.19685666263103485,0.2803763747215271,0.3311663568019867,0.1542947143316269,0.3567548990249634,0.10162950307130814,0.3565015196800232,0.23434410989284515,0.2644236087799072,0.3227008879184723,0.3895777761936188,0.2803763747215271,0.1518738716840744,0.1273590475320816
of,0.3119818866252899,0.733189046382904,0.2898116707801819,0.2756515443325043,1.0,0.733189046382904,0.2271278351545334,0.2673880457878113,0.27714359760284424,0.3792596757411957,0.3046875298023224,0.41827285289764404,0.38583824038505554,0.452393114566803,1.0,0.1875009983778,0.1826142966747284
tract,0.1760558784008026,0.2717020511627197,0.16890616714954376,0.0420459620654583,0.20875340700149536,0.2717020511627197,0.1471044421195984,0.19312724471092224,0.11897921562194824,0.28499361872673035,0.15138112008571625,0.16478216648101807,0.20621366798877716,0.27126994729042053,0.20875340700149536,0.18996162712574005,0.1459975689649582
homes,0.12487458437681198,0.22941356897354126,0.42497384548187256,0.27215227484703064,0.2122298777103424,0.22941356897354126,0.24034960567951202,0.1822260469198227,0.14847806096076965,0.30432453751564026,0.18262891471385956,0.18574486672878265,0.27724623680114746,0.12983308732509613,0.2122298777103424,0.25636863708496094,0.12707971036434174
urban,0.11276297271251678,0.1482323557138443,0.3042309284210205,0.27876943349838257,0.26017457246780396,0.1482323557138443,0.11892614513635635,0.31707102060317993,0.09019076079130173,0.0863860547542572,0.11491002142429352,0.10393380373716354,0.1442408412694931,0.22145430743694305,0.26017457246780396,0.17331816256046295,0.13119809329509735
sprawl,0.17866836488246918,0.28254589438438416,0.2757645845413208,0.2738000452518463,0.285928875207901,0.28254589438438416,0.2131458967924118,0.15855589509010315,0.16239279508590698,0.26750412583351135,0.23282787203788757,0.19365309178829193,0.2750329375267029,0.22263802587985992,0.285928875207901,0.13099081814289093,0.12222740054130554
in,0.214483380317688,0.6662389636039734,0.29686787724494934,0.2624244689941406,0.5696388483047485,0.6662389636039734,0.22630389034748077,0.30883273482322693,0.1632516235113144,0.3586423695087433,0.2357589453458786,0.4080928862094879,0.39989137649536133,0.4499994218349457,0.5696388483047485,0.26126348972320557,0.20430970191955566
north,0.11500263214111328,0.36298373341560364,0.23561321198940277,0.2001844048500061,0.3604778051376343,0.36298373341560364,0.20501230657100677,0.30482080578804016,0.10570622235536575,0.11615113914012909,0.15177780389785767,0.185934916138649,0.21928533911705017,0.35967114567756653,0.3604778051376343,0.2349468171596527,0.11829731613397598
and,0.3461615741252899,0.5171257257461548,0.3452662229537964,0.2369556725025177,0.5116966962814331,0.5171257257461548,0.23948386311531067,0.23884956538677216,0.3096909821033478,0.4713204801082611,0.2737886309623718,0.5477725267410278,0.5504306554794312,0.35301485657691956,0.5116966962814331,0.21513071656227112,0.20544172823429108
east,0.1668700873851776,0.3383176326751709,0.23524020612239838,0.22094540297985077,0.314786434173584,0.3383176326751709,0.1962638646364212,0.3533936142921448,0.056565772742033005,0.09083429723978043,0.19682179391384125,0.18583141267299652,0.20145228505134583,0.3460236191749573,0.314786434173584,0.21448473632335663,0.10070597380399704
areas,0.19766740500926971,0.3311663568019867,0.3528323173522949,0.19685666263103485,0.2803763747215271,0.3311663568019867,0.1542947143316269,0.3567548990249634,0.10162950307130814,0.3565015196800232,0.23434410989284515,0.2644236087799072,0.3227008879184723,0.3895777761936188,0.2803763747215271,0.1518738716840744,0.1273590475320816
of,0.3119818866252899,0.733189046382904,0.2898116707801819,0.2756515443325043,1.0,0.733189046382904,0.2271278351545334,0.2673880457878113,0.27714359760284424,0.3792596757411957,0.3046875298023224,0.41827285289764404,0.38583824038505554,0.452393114566803,1.0,0.1875009983778,0.1826142966747284
fresno,0.08895698189735413,0.22571885585784912,0.23178152740001678,0.10864338278770447,0.1875009983778,0.22571885585784912,0.13243645429611206,0.16571244597434998,0.1399390548467636,0.16191594302654266,0.08811485767364502,0.20853616297245026,0.14004750549793243,0.19812233746051788,0.1875009983778,1.0000001192092896,0.13224096596240997
.,0.3022993505001068,0.5934505462646484,0.2399243861436844,0.21623484790325165,0.5352458953857422,0.5934505462646484,0.21111081540584564,0.23195737600326538,0.24470208585262299,0.36683785915374756,0.21616345643997192,0.4446153938770294,0.41511186957359314,0.32817673683166504,0.5352458953857422,0.2480216920375824,0.4130953550338745
