,what,compiles,and,reports,on,data,about,the,size,of,design,and,construction,companies,?
each,0.3353266417980194,0.2621189057826996,0.2984027564525604,0.15997414290905,0.30782750248908997,0.2127385437488556,0.25596532225608826,0.470844566822052,0.25317925214767456,0.38460010290145874,0.1893656700849533,0.2984027564525604,0.22676728665828705,0.19886741042137146,0.21173812448978424
year,0.15184831619262695,0.18457990884780884,0.2506658732891083,0.21860991418361664,0.27628999948501587,0.17079707980155945,0.2995435297489166,0.3609684407711029,0.13672617077827454,0.2578314542770386,0.14728954434394836,0.2506658732891083,0.13485242426395416,0.10911504924297333,0.18315006792545319
",",0.3087472915649414,0.25089573860168457,0.6633074283599854,0.2661382555961609,0.49057599902153015,0.22224515676498413,0.3877100944519043,0.4933079481124878,0.2156888097524643,0.4946078956127167,0.19350415468215942,0.6633074283599854,0.23704268038272858,0.28041911125183105,0.31091248989105225
enr,0.1867682784795761,0.24269382655620575,0.28966188430786133,0.11227212101221085,0.198894202709198,0.1885245144367218,0.22469674050807953,0.2366248071193695,0.2010681927204132,0.25156688690185547,0.16341036558151245,0.28966188430786133,0.21213014423847198,0.2486979216337204,0.115506611764431
compiles,0.24502867460250854,1.0,0.25481724739074707,0.21137742698192596,0.23673857748508453,0.3108389675617218,0.18698689341545105,0.21731825172901154,0.17965638637542725,0.2399471253156662,0.24155662953853607,0.25481724739074707,0.2478250116109848,0.2998946011066437,0.2700277864933014
and,0.31309178471565247,0.25481724739074707,1.0,0.27791884541511536,0.4077630043029785,0.23368559777736664,0.3875081241130829,0.5171257257461548,0.252314954996109,0.5116966962814331,0.21815341711044312,1.0,0.22762417793273926,0.2527635991573334,0.20544172823429108
reports,0.24207861721515656,0.21137742698192596,0.27791884541511536,1.0,0.26750078797340393,0.2692486047744751,0.3351723551750183,0.2622474431991577,0.1884089559316635,0.27564457058906555,0.13863758742809296,0.27791884541511536,0.16228078305721283,0.1780846267938614,0.23746368288993835
on,0.34226128458976746,0.23673857748508453,0.4077630043029785,0.26750078797340393,0.9999999403953552,0.18273964524269104,0.322975218296051,0.5107308030128479,0.22330769896507263,0.3966929316520691,0.21461689472198486,0.4077630043029785,0.23722872138023376,0.23421919345855713,0.2714994251728058
data,0.23453554511070251,0.3108389675617218,0.23368559777736664,0.2692486047744751,0.18273964524269104,1.0,0.18648135662078857,0.20546740293502808,0.3148322105407715,0.20013196766376495,0.1663772016763687,0.23368559777736664,0.15663796663284302,0.1877375841140747,0.17909851670265198
about,0.47976887226104736,0.18698689341545105,0.3875081241130829,0.3351723551750183,0.322975218296051,0.18648135662078857,1.0,0.37995871901512146,0.2507222890853882,0.40939709544181824,0.14270611107349396,0.3875081241130829,0.10556583851575851,0.18894357979297638,0.302409827709198
the,0.42745697498321533,0.21731825172901154,0.5171257257461548,0.2622474431991577,0.5107308030128479,0.20546740293502808,0.37995871901512146,1.0,0.2946445941925049,0.733189046382904,0.27913451194763184,0.5171257257461548,0.2671978175640106,0.26917189359664917,0.22068053483963013
size,0.2566739320755005,0.17965638637542725,0.252314954996109,0.1884089559316635,0.22330769896507263,0.3148322105407715,0.2507222890853882,0.2946445941925049,1.0000001192092896,0.27599775791168213,0.22985905408859253,0.252314954996109,0.2329069972038269,0.12807665765285492,0.13693112134933472
of,0.33290785551071167,0.2399471253156662,0.5116966962814331,0.27564457058906555,0.3966929316520691,0.20013196766376495,0.40939709544181824,0.733189046382904,0.27599775791168213,1.0,0.2522938847541809,0.5116966962814331,0.2815735340118408,0.22608543932437897,0.1826142966747284
design,0.23893405497074127,0.24155662953853607,0.21815341711044312,0.13863758742809296,0.21461689472198486,0.1663772016763687,0.14270611107349396,0.27913451194763184,0.22985905408859253,0.2522938847541809,1.0000001192092896,0.21815341711044312,0.44344785809516907,0.2171134054660797,0.16351860761642456
and,0.31309178471565247,0.25481724739074707,1.0,0.27791884541511536,0.4077630043029785,0.23368559777736664,0.3875081241130829,0.5171257257461548,0.252314954996109,0.5116966962814331,0.21815341711044312,1.0,0.22762417793273926,0.2527635991573334,0.20544172823429108
construction,0.20329850912094116,0.2478250116109848,0.22762417793273926,0.16228078305721283,0.23722872138023376,0.15663796663284302,0.10556583851575851,0.2671978175640106,0.2329069972038269,0.2815735340118408,0.44344785809516907,0.22762417793273926,1.0,0.25014862418174744,0.13494056463241577
companies,0.20801754295825958,0.2998946011066437,0.2527635991573334,0.1780846267938614,0.23421919345855713,0.1877375841140747,0.18894357979297638,0.26917189359664917,0.12807665765285492,0.22608543932437897,0.2171134054660797,0.2527635991573334,0.25014862418174744,1.0000001192092896,0.14365637302398682
.,0.3567904531955719,0.2534084618091583,0.588965117931366,0.2803177535533905,0.49257001280784607,0.24345596134662628,0.42038556933403015,0.5934505462646484,0.30260366201400757,0.5352458953857422,0.24995818734169006,0.588965117931366,0.23682771623134613,0.20400826632976532,0.4130953550338745
,what,compiles,and,reports,on,data,about,the,size,of,design,and,construction,companies,?
engineering,0.1897483468055725,0.29115357995033264,0.2482127696275711,0.12627215683460236,0.16422677040100098,0.19350476562976837,0.13876193761825562,0.23901307582855225,0.1174243837594986,0.2630712687969208,0.48278164863586426,0.2482127696275711,0.43152761459350586,0.31051722168922424,0.16555240750312805
news-record,0.2136155366897583,0.3057366609573364,0.2699495851993561,0.35678717494010925,0.27585190534591675,0.2965380549430847,0.2472730576992035,0.2529018819332123,0.17517825961112976,0.22347679734230042,0.19041043519973755,0.2699495851993561,0.18559132516384125,0.2630438804626465,0.2282266616821289
(,0.2411840260028839,0.15985319018363953,0.4862271547317505,0.14769931137561798,0.28656116127967834,0.18725283443927765,0.27495184540748596,0.33289089798927307,0.20613399147987366,0.35032153129577637,0.10962162166833878,0.4862271547317505,0.16759724915027618,0.12384957075119019,0.40561532974243164
enr,0.1867682784795761,0.24269382655620575,0.28966188430786133,0.11227212101221085,0.198894202709198,0.1885245144367218,0.22469674050807953,0.2366248071193695,0.2010681927204132,0.25156688690185547,0.16341036558151245,0.28966188430786133,0.21213014423847198,0.2486979216337204,0.115506611764431
),0.26259949803352356,0.17184165120124817,0.4961937665939331,0.1419212371110916,0.29937487840652466,0.19518345594406128,0.2775460183620453,0.3456730246543884,0.1989639550447464,0.3680361211299896,0.09917057305574417,0.4961937665939331,0.18337155878543854,0.12282966822385788,0.42300865054130554
is,0.28837618231773376,0.19350574910640717,0.3859752118587494,0.1442791074514389,0.3635730445384979,0.14289230108261108,0.3532065451145172,0.5823672413825989,0.22983339428901672,0.4854315221309662,0.18976035714149475,0.3859752118587494,0.2135658711194992,0.1956041008234024,0.22961433231830597
a,0.3320399522781372,0.21667078137397766,0.3739250600337982,0.20210447907447815,0.3848365545272827,0.2163095474243164,0.34171196818351746,0.5829201340675354,0.24953703582286835,0.5052502155303955,0.25211480259895325,0.3739250600337982,0.25036895275115967,0.24875247478485107,0.23916715383529663
trade,0.1555381417274475,0.14752767980098724,0.2510223686695099,0.19345581531524658,0.20021353662014008,0.08264815807342529,0.15234264731407166,0.2681608200073242,0.1339949369430542,0.2310105711221695,0.16391433775424957,0.2510223686695099,0.3208441734313965,0.3457300364971161,0.09336511790752411
magazine,0.16423653066158295,0.19133980572223663,0.15210320055484772,0.24637079238891602,0.2296493798494339,0.09993617981672287,0.185328409075737,0.19931171834468842,0.1315203160047531,0.16736742854118347,0.17786259949207306,0.15210320055484772,0.04846268519759178,0.24384330213069916,0.15570664405822754
for,0.3017193675041199,0.31249019503593445,0.5064792633056641,0.24826116859912872,0.36199691891670227,0.20166052877902985,0.3312419354915619,0.4739971458911896,0.1818288266658783,0.4185989499092102,0.2477298229932785,0.5064792633056641,0.2193669229745865,0.2787042260169983,0.264628142118454
the,0.42745697498321533,0.21731825172901154,0.5171257257461548,0.2622474431991577,0.5107308030128479,0.20546740293502808,0.37995871901512146,1.0,0.2946445941925049,0.733189046382904,0.27913451194763184,0.5171257257461548,0.2671978175640106,0.26917189359664917,0.22068053483963013
construction,0.20329850912094116,0.2478250116109848,0.22762417793273926,0.16228078305721283,0.23722872138023376,0.15663796663284302,0.10556583851575851,0.2671978175640106,0.2329069972038269,0.2815735340118408,0.44344785809516907,0.22762417793273926,1.0,0.25014862418174744,0.13494056463241577
industry,0.1966298520565033,0.20777930319309235,0.2615980803966522,0.16691933572292328,0.18630321323871613,0.10802505910396576,0.23546336591243744,0.26942890882492065,0.1528138369321823,0.27385562658309937,0.290041446685791,0.2615980803966522,0.3407537043094635,0.502448320388794,0.11813290417194366
.,0.3567904531955719,0.2534084618091583,0.588965117931366,0.2803177535533905,0.49257001280784607,0.24345596134662628,0.42038556933403015,0.5934505462646484,0.30260366201400757,0.5352458953857422,0.24995818734169006,0.588965117931366,0.23682771623134613,0.20400826632976532,0.4130953550338745
