,in,which,year,did,the,jameel,gallery,of,islamic,art,opened,?
the,0.6662389636039734,0.6521818041801453,0.3609684407711029,0.34736719727516174,1.0,0.3122138977050781,0.19251246750354767,0.733189046382904,0.27231070399284363,0.20297785103321075,0.28544309735298157,0.22068053483963013
jameel,0.23460082709789276,0.2780260145664215,0.13276590406894684,0.2047099769115448,0.3122138977050781,1.0,0.1521780788898468,0.2488299161195755,0.32698744535446167,0.15651540458202362,0.23954686522483826,0.184926837682724
gallery,0.21665531396865845,0.19994710385799408,0.11597850918769836,0.10746263712644577,0.19251246750354767,0.1521780788898468,1.0,0.1971534639596939,0.12468046694993973,0.5883238911628723,0.249263733625412,0.18202216923236847
of,0.5696388483047485,0.5011631846427917,0.2578314542770386,0.2513895630836487,0.733189046382904,0.2488299161195755,0.1971534639596939,1.0,0.25656506419181824,0.22648051381111145,0.16720551252365112,0.1826142966747284
islamic,0.19633598625659943,0.21128115057945251,0.1916927844285965,0.17371372878551483,0.27231070399284363,0.32698744535446167,0.12468046694993973,0.25656506419181824,0.9999999403953552,0.22750411927700043,0.10095607489347458,0.1692383587360382
art,0.2282189577817917,0.19862167537212372,0.15209953486919403,0.1711656004190445,0.20297785103321075,0.15651540458202362,0.5883238911628723,0.22648051381111145,0.22750411927700043,1.0,0.15857157111167908,0.138971745967865
",",0.5201468467712402,0.3658004403114319,0.28560417890548706,0.3015086054801941,0.4933079481124878,0.29433247447013855,0.21593497693538666,0.4946078956127167,0.20175659656524658,0.2700960636138916,0.24598844349384308,0.31091248989105225
opened,0.2972770035266876,0.24361629784107208,0.17148488759994507,0.2014526128768921,0.28544309735298157,0.23954686522483826,0.249263733625412,0.16720551252365112,0.10095607489347458,0.15857157111167908,1.0,0.1934700310230255
in,1.0,0.4840516746044159,0.3359307050704956,0.2593238651752472,0.6662389636039734,0.23460082709789276,0.21665531396865845,0.5696388483047485,0.19633598625659943,0.2282189577817917,0.2972770035266876,0.20430970191955566
2006,-0.04600946605205536,0.19065003097057343,0.007006329949945211,-0.07636451721191406,0.11294147372245789,-0.015331649221479893,-0.10951395332813263,0.10009169578552246,0.014976481907069683,-0.06393606960773468,-0.04420475289225578,-0.1194092258810997
",",0.5201468467712402,0.3658004403114319,0.28560417890548706,0.3015086054801941,0.4933079481124878,0.29433247447013855,0.21593497693538666,0.4946078956127167,0.20175659656524658,0.2700960636138916,0.24598844349384308,0.31091248989105225
houses,0.2622964382171631,0.252919465303421,0.20287446677684784,0.2445467859506607,0.2692612111568451,0.16075652837753296,0.2945515215396881,0.2718559205532074,0.1385767161846161,0.21813693642616272,0.30685532093048096,0.10120081901550293
a,0.539380669593811,0.56894451379776,0.29350247979164124,0.2552328109741211,0.5829201340675354,0.2621832489967346,0.13071094453334808,0.5052502155303955,0.20177602767944336,0.1329297125339508,0.20146222412586212,0.23916715383529663
representative,0.23496659100055695,0.12650281190872192,0.14491680264472961,0.16563697159290314,0.23411999642848969,0.2010764330625534,0.21660825610160828,0.31028270721435547,0.16501115262508392,0.19832924008369446,0.13233767449855804,0.13044437766075134
display,0.2005489468574524,0.28086164593696594,0.25464093685150146,0.10233704000711441,0.2758708596229553,0.16676127910614014,0.3224703371524811,0.23211264610290527,0.12400250136852264,0.22718213498592377,0.16108934581279755,0.17059175670146942
of,0.5696388483047485,0.5011631846427917,0.2578314542770386,0.2513895630836487,0.733189046382904,0.2488299161195755,0.1971534639596939,1.0,0.25656506419181824,0.22648051381111145,0.16720551252365112,0.1826142966747284
400,0.1977328509092331,0.19822151958942413,0.18612630665302277,0.09308091551065445,0.17705115675926208,0.20895469188690186,0.0670066773891449,0.1451684534549713,0.08284047245979309,0.05403761938214302,0.14176036417484283,0.14271585643291473
objects,0.23406893014907837,0.30641767382621765,0.13087163865566254,0.16254889965057373,0.24716724455356598,0.09795662760734558,0.24054859578609467,0.23814009130001068,0.16345582902431488,0.27836379408836365,0.08985057473182678,0.15479016304016113
with,0.4080928862094879,0.46403205394744873,0.3220449686050415,0.25472134351730347,0.4223487675189972,0.21164068579673767,0.172745481133461,0.41827285289764404,0.1242700070142746,0.13893495500087738,0.16281741857528687,0.2433311939239502
the,0.6662389636039734,0.6521818041801453,0.3609684407711029,0.34736719727516174,1.0,0.3122138977050781,0.19251246750354767,0.733189046382904,0.27231070399284363,0.20297785103321075,0.28544309735298157,0.22068053483963013
highlight,0.2666685879230499,0.26084786653518677,0.11360621452331543,0.1855459064245224,0.26126983761787415,0.17443184554576874,0.05281069502234459,0.25996389985084534,0.1046082079410553,0.12450678646564484,0.12307088822126389,0.19680358469486237
being,0.33162933588027954,0.4268448054790497,0.2561481297016144,0.27905046939849854,0.419739305973053,0.2375895082950592,0.13942569494247437,0.34885138273239136,0.1907387375831604,0.1493542343378067,0.1315234750509262,0.26743772625923157
the,0.6662389636039734,0.6521818041801453,0.3609684407711029,0.34736719727516174,1.0,0.3122138977050781,0.19251246750354767,0.733189046382904,0.27231070399284363,0.20297785103321075,0.28544309735298157,0.22068053483963013
ardabil,0.289279043674469,0.26320523023605347,0.15938135981559753,0.09647618234157562,0.31399786472320557,0.35737842321395874,0.21173231303691864,0.39263805747032166,0.423108845949173,0.2107386738061905,0.1498761624097824,0.1572667509317398
carpet,0.1638541966676712,0.22219233214855194,0.11829838156700134,0.08150255680084229,0.216116800904274,0.2256195843219757,0.28165873885154724,0.20198528468608856,0.2163163721561432,0.27940142154693604,0.11487369239330292,0.12471306324005127
",",0.5201468467712402,0.3658004403114319,0.28560417890548706,0.3015086054801941,0.4933079481124878,0.29433247447013855,0.21593497693538666,0.4946078956127167,0.20175659656524658,0.2700960636138916,0.24598844349384308,0.31091248989105225
the,0.6662389636039734,0.6521818041801453,0.3609684407711029,0.34736719727516174,1.0,0.3122138977050781,0.19251246750354767,0.733189046382904,0.27231070399284363,0.20297785103321075,0.28544309735298157,0.22068053483963013
centrepiece,0.3134840130805969,0.39934849739074707,0.16465641558170319,0.20048788189888,0.4030064046382904,0.28111737966537476,0.3709056079387665,0.37105733156204224,0.26772502064704895,0.3452337086200714,0.2704944610595703,0.18626530468463898
of,0.5696388483047485,0.5011631846427917,0.2578314542770386,0.2513895630836487,0.733189046382904,0.2488299161195755,0.1971534639596939,1.0,0.25656506419181824,0.22648051381111145,0.16720551252365112,0.1826142966747284
the,0.6662389636039734,0.6521818041801453,0.3609684407711029,0.34736719727516174,1.0,0.3122138977050781,0.19251246750354767,0.733189046382904,0.27231070399284363,0.20297785103321075,0.28544309735298157,0.22068053483963013
gallery,0.21665531396865845,0.19994710385799408,0.11597850918769836,0.10746263712644577,0.19251246750354767,0.1521780788898468,1.0,0.1971534639596939,0.12468046694993973,0.5883238911628723,0.249263733625412,0.18202216923236847
.,0.5591574311256409,0.45942068099975586,0.32538118958473206,0.35288307070732117,0.5934505462646484,0.26996615529060364,0.21326512098312378,0.5352458953857422,0.20520655810832977,0.21795564889907837,0.26111578941345215,0.4130953550338745
