,whose,ideas,became,increasingly,radical,during,his,imprisonment,?
while,0.25962477922439575,0.18547013401985168,0.23956947028636932,0.289653480052948,0.169688418507576,0.3849048316478729,0.39785656332969666,0.23323093354701996,0.21076419949531555
qutb,0.25327354669570923,0.2259204089641571,0.3124640882015228,0.2621367573738098,0.27608105540275574,0.3504241108894348,0.3392234742641449,0.3381553888320923,0.18769441545009613
's,-0.019954677671194077,0.054914966225624084,0.0067522358149290085,0.00944199226796627,-0.03655558452010155,0.011294117197394371,0.047556519508361816,0.04197356477379799,-0.023395681753754616
ideas,0.2386193424463272,1.0,0.22134800255298615,0.2980821132659912,0.4338417053222656,0.21399831771850586,0.33019760251045227,0.21086335182189941,0.2857283353805542
became,0.22599858045578003,0.22134800255298615,1.0,0.37789803743362427,0.20052579045295715,0.37706515192985535,0.3503277599811554,0.15281352400779724,0.11374033987522125
increasingly,0.22296231985092163,0.2980821132659912,0.37789803743362427,1.0000001192092896,0.32326212525367737,0.2849653661251068,0.2677808701992035,0.17794948816299438,0.059327382594347
radical,0.2521839737892151,0.4338417053222656,0.20052579045295715,0.32326212525367737,0.9999998807907104,0.19635838270187378,0.22078970074653625,0.27057042717933655,0.1306871920824051
during,0.22117221355438232,0.21399831771850586,0.37706515192985535,0.2849653661251068,0.19635838270187378,1.0,0.36789870262145996,0.3151915967464447,0.1325719803571701
his,0.39010414481163025,0.33019760251045227,0.3503277599811554,0.2677808701992035,0.22078970074653625,0.36789870262145996,0.9999998807907104,0.33144551515579224,0.18075084686279297
imprisonment,0.0932275801897049,0.21086335182189941,0.15281352400779724,0.17794948816299438,0.27057042717933655,0.3151915967464447,0.33144551515579224,0.9999999403953552,0.13416679203510284
prior,0.11620708554983139,0.10519935190677643,0.21122509241104126,0.22567050158977509,0.06365345418453217,0.37088218331336975,0.23540276288986206,0.2098090499639511,0.16978254914283752
to,0.320825457572937,0.31791630387306213,0.20401327311992645,0.33546900749206543,0.2716418504714966,0.2828781306743622,0.3715193271636963,0.22813618183135986,0.29463258385658264
his,0.39010414481163025,0.33019760251045227,0.3503277599811554,0.2677808701992035,0.22078970074653625,0.36789870262145996,0.9999998807907104,0.33144551515579224,0.18075084686279297
execution,0.17096465826034546,0.2198953479528427,0.15616707503795624,0.21601097285747528,0.14266279339790344,0.2144838571548462,0.20698140561580658,0.502063512802124,0.15878841280937195
in,0.23496666550636292,0.24198658764362335,0.31047213077545166,0.23806603252887726,0.20068511366844177,0.4627237319946289,0.3598145842552185,0.2529809772968292,0.20430970191955566
1966,0.0192582830786705,0.0010580271482467651,-0.16990719735622406,-0.10897348076105118,0.08692480623722076,-0.09607577323913574,-0.10434004664421082,-0.0707983672618866,0.08956238627433777
",",0.25601375102996826,0.26492518186569214,0.2798398435115814,0.19576682150363922,0.2340504378080368,0.3225448727607727,0.3378419280052185,0.24537357687950134,0.31091248989105225
the,0.38253846764564514,0.22381870448589325,0.36325156688690186,0.3152945339679718,0.20306628942489624,0.4838213622570038,0.4394008219242096,0.20297037065029144,0.22068053483963013
leadership,0.17946527898311615,0.30862751603126526,0.3017869293689728,0.3300754427909851,0.31991854310035706,0.29695332050323486,0.359438955783844,0.22729216516017914,0.08979988098144531
of,0.37058958411216736,0.22676146030426025,0.3638904094696045,0.2953035831451416,0.23039983212947845,0.3869180977344513,0.38364991545677185,0.26023393869400024,0.1826142966747284
the,0.38253846764564514,0.22381870448589325,0.36325156688690186,0.3152945339679718,0.20306628942489624,0.4838213622570038,0.4394008219242096,0.20297037065029144,0.22068053483963013
brotherhood,0.27129849791526794,0.28962886333465576,0.19332461059093475,0.27931055426597595,0.3757104277610779,0.20261836051940918,0.3201172351837158,0.24181388318538666,0.1117945984005928
",",0.25601375102996826,0.26492518186569214,0.2798398435115814,0.19576682150363922,0.2340504378080368,0.3225448727607727,0.3378419280052185,0.24537357687950134,0.31091248989105225
led,0.1794855296611786,0.2672214210033417,0.35553088784217834,0.3224193751811981,0.22036442160606384,0.3935515582561493,0.30691808462142944,0.20354288816452026,0.09273858368396759
by,0.3384193778038025,0.2588382065296173,0.24051691591739655,0.2621919810771942,0.1902960240840912,0.3220438063144684,0.3107621967792511,0.15846490859985352,0.17966607213020325
hasan,0.19107797741889954,0.08904048055410385,0.1728634238243103,0.14493128657341003,0.1610485017299652,0.1714574694633484,0.2933173179626465,0.2808096408843994,0.19237303733825684
al-hudaybi,0.19704999029636383,0.15447072684764862,0.2511041462421417,0.2019921839237213,0.14956489205360413,0.209804505109787,0.23042576014995575,0.23950111865997314,0.273107647895813
",",0.25601375102996826,0.26492518186569214,0.2798398435115814,0.19576682150363922,0.2340504378080368,0.3225448727607727,0.3378419280052185,0.24537357687950134,0.31091248989105225
remained,0.20901530981063843,0.1391678750514984,0.5749397873878479,0.3477306663990021,0.22812215983867645,0.35575875639915466,0.3657938539981842,0.26474878191947937,0.08263323456048965
moderate,0.15348032116889954,0.20379213988780975,0.166269451379776,0.3694723844528198,0.32744425535202026,0.23337386548519135,0.1520565152168274,0.1346088945865631,0.14408792555332184
and,0.3339773118495941,0.3241734802722931,0.31226563453674316,0.347304105758667,0.248888298869133,0.36462149024009705,0.4234102666378021,0.21113210916519165,0.20544172823429108
interested,0.23090757429599762,0.47475188970565796,0.2958575189113617,0.28754913806915283,0.19996285438537598,0.19522210955619812,0.269082635641098,0.09331255406141281,0.2901444137096405
in,0.23496666550636292,0.24198658764362335,0.31047213077545166,0.23806603252887726,0.20068511366844177,0.4627237319946289,0.3598145842552185,0.2529809772968292,0.20430970191955566
political,0.25296950340270996,0.3825993537902832,0.24165081977844238,0.23558595776557922,0.41768205165863037,0.23011183738708496,0.2937181890010834,0.341869592666626,0.17130474746227264
negotiation,0.15162219107151031,0.27367523312568665,0.24134932458400726,0.25120165944099426,0.2344958782196045,0.3041990399360657,0.2665936052799225,0.3774254620075226,0.12353809177875519
and,0.3339773118495941,0.3241734802722931,0.31226563453674316,0.347304105758667,0.248888298869133,0.36462149024009705,0.4234102666378021,0.21113210916519165,0.20544172823429108
activism,0.16862733662128448,0.46296435594558716,0.2614889144897461,0.3375304937362671,0.49674054980278015,0.275311678647995,0.27012333273887634,0.337215781211853,0.21153755486011505
.,0.2718997597694397,0.27593380212783813,0.2806840240955353,0.19793471693992615,0.20326311886310577,0.3485563397407532,0.3119256794452667,0.20367199182510376,0.4130953550338745
