,barro,found,there,is,little,relation,between,income,inequality,and,rates,of,what,?
research,0.1418304443359375,0.24629881978034973,0.22673040628433228,0.23478153347969055,0.194480299949646,0.20373941957950592,0.13772200047969818,0.2481585443019867,0.2520397901535034,0.27611881494522095,0.21736033260822296,0.22573977708816528,0.237140491604805,0.13481977581977844
by,0.2098482847213745,0.17248263955116272,0.20383623242378235,0.3899846076965332,0.16509714722633362,0.2065373957157135,0.28115302324295044,0.17474129796028137,0.17648567259311676,0.4289871156215668,0.23408402502536774,0.3646814823150635,0.2455483376979828,0.17966607213020325
harvard,0.25786036252975464,0.16108499467372894,0.1383964568376541,0.15387701988220215,0.15360084176063538,0.2154981791973114,0.10877202451229095,0.15321354568004608,0.21709075570106506,0.2453373372554779,0.16128894686698914,0.25842633843421936,0.2177114188671112,0.11685016006231308
economist,0.22068756818771362,0.09340301901102066,0.14475572109222412,0.17990195751190186,0.14172235131263733,0.18760661780834198,0.13630281388759613,0.30458420515060425,0.2923416793346405,0.15557435154914856,0.16956216096878052,0.1498451977968216,0.16227665543556213,0.15311987698078156
robert,0.28370702266693115,0.1676284819841385,0.13891513645648956,0.16191203892230988,-0.02749755047261715,0.1257382333278656,0.1353893131017685,0.0584755577147007,0.13220857083797455,0.21826715767383575,0.11288934201002121,0.2398476004600525,0.1948658525943756,0.11293095350265503
barro,1.0,0.18388593196868896,0.14958681166172028,0.1727064698934555,0.14413052797317505,0.11105109006166458,0.15460608899593353,0.09032013267278671,0.1177615076303482,0.25195690989494324,0.11198664456605911,0.20676353573799133,0.1872328519821167,0.18375037610530853
",",0.28802716732025146,0.27385151386260986,0.4587128460407257,0.4691906273365021,0.32780832052230835,0.2668071985244751,0.27714940905570984,0.19703416526317596,0.21822890639305115,0.6633074283599854,0.19299949705600739,0.4946078956127167,0.3087472915649414,0.31091248989105225
found,0.18388593196868896,0.9999999403953552,0.34913212060928345,0.3526395261287689,0.15313628315925598,0.18841078877449036,0.17483356595039368,0.15905648469924927,0.11657499521970749,0.27978911995887756,0.1947016417980194,0.2982911467552185,0.1796332150697708,0.16790300607681274
that,0.210953488945961,0.29063743352890015,0.6006520986557007,0.3995479643344879,0.3069852590560913,0.342557817697525,0.299440860748291,0.2627509534358978,0.3467824459075928,0.4731321930885315,0.3044385015964508,0.41498205065727234,0.6297725439071655,0.32716336846351624
there,0.14958681166172028,0.34913212060928345,1.0,0.3904260993003845,0.3158206641674042,0.22189444303512573,0.37209540605545044,0.2881235182285309,0.2481875717639923,0.4242868423461914,0.2448410838842392,0.44397735595703125,0.35085538029670715,0.29405656456947327
is,0.1727064698934555,0.3526395261287689,0.3904260993003845,1.0,0.23436859250068665,0.2880297899246216,0.26809602975845337,0.14559021592140198,0.1953488290309906,0.3859752118587494,0.24308988451957703,0.4854315221309662,0.28837618231773376,0.22961433231830597
``,-0.011950498446822166,0.013845388777554035,0.0756821483373642,0.058766357600688934,-0.006054630968719721,0.12799957394599915,0.08136986941099167,0.05631798505783081,0.15881292521953583,0.036644238978624344,0.10148345679044724,0.06780257821083069,0.008517155423760414,0.0685480609536171
little,0.14413052797317505,0.15313628315925598,0.3158206641674042,0.23436859250068665,1.0,0.19162049889564514,0.14796018600463867,0.15997743606567383,0.17800962924957275,0.2627353072166443,0.21839365363121033,0.20116642117500305,0.2614184617996216,0.20336517691612244
overall,0.09550472348928452,0.18927881121635437,0.18860143423080444,0.21297959983348846,0.1736399531364441,0.16513153910636902,0.16020120680332184,0.23232944309711456,0.2508786916732788,0.25946861505508423,0.2827337980270386,0.2889781594276428,0.23488298058509827,0.18573027849197388
relation,0.11105109006166458,0.18841078877449036,0.22189444303512573,0.2880297899246216,0.19162049889564514,1.0,0.41062214970588684,0.26757752895355225,0.4759661555290222,0.3051023781299591,0.22549037635326385,0.29761821031570435,0.3144443929195404,0.1898830384016037
between,0.15460608899593353,0.17483356595039368,0.37209540605545044,0.26809602975845337,0.14796018600463867,0.41062214970588684,0.9999999403953552,0.22600169479846954,0.29772037267684937,0.40645647048950195,0.22652660310268402,0.3737983703613281,0.2462156116962433,0.12887074053287506
income,0.09032013267278671,0.15905648469924927,0.2881235182285309,0.14559021592140198,0.15997743606567383,0.26757752895355225,0.22600169479846954,1.0,0.46967795491218567,0.2518245577812195,0.46031635999679565,0.2581324577331543,0.21837803721427917,0.14935168623924255
inequality,0.1177615076303482,0.11657499521970749,0.2481875717639923,0.1953488290309906,0.17800962924957275,0.4759661555290222,0.29772037267684937,0.46967795491218567,1.0000001192092896,0.2590520679950714,0.3752773702144623,0.27910974621772766,0.30072227120399475,0.23619021475315094
and,0.25195690989494324,0.27978911995887756,0.4242868423461914,0.3859752118587494,0.2627353072166443,0.3051023781299591,0.40645647048950195,0.2518245577812195,0.2590520679950714,1.0,0.2589600086212158,0.5116966962814331,0.31309178471565247,0.20544172823429108
rates,0.11198664456605911,0.1947016417980194,0.2448410838842392,0.24308988451957703,0.21839365363121033,0.22549037635326385,0.22652660310268402,0.46031635999679565,0.3752773702144623,0.2589600086212158,1.0,0.2585311233997345,0.2148645967245102,0.13808594644069672
of,0.20676353573799133,0.2982911467552185,0.44397735595703125,0.4854315221309662,0.20116642117500305,0.29761821031570435,0.3737983703613281,0.2581324577331543,0.27910974621772766,0.5116966962814331,0.2585311233997345,1.0,0.33290785551071167,0.1826142966747284
growth,0.004866259638220072,0.17911212146282196,0.22773556411266327,0.2256266176700592,0.20421618223190308,0.24488119781017303,0.15071266889572144,0.37261080741882324,0.3248327970504761,0.2731747627258301,0.4353044331073761,0.2679378092288971,0.1739405393600464,0.07547862827777863
and,0.25195690989494324,0.27978911995887756,0.4242868423461914,0.3859752118587494,0.2627353072166443,0.3051023781299591,0.40645647048950195,0.2518245577812195,0.2590520679950714,1.0,0.2589600086212158,0.5116966962814331,0.31309178471565247,0.20544172823429108
investment,0.17563726007938385,0.14153556525707245,0.18834252655506134,0.22608432173728943,0.1794378161430359,0.32053637504577637,0.1843268871307373,0.4899829924106598,0.37353989481925964,0.22590497136116028,0.4000754654407501,0.24637944996356964,0.21795563399791718,0.17811161279678345
'',0.0037106722593307495,0.09618200361728668,0.03646579384803772,0.0793738141655922,-0.026414765045046806,0.0650806799530983,0.060806289315223694,-0.01438893098384142,-0.020039280876517296,0.021612688899040222,-0.10301432013511658,0.13035868108272552,0.08143015950918198,0.018684765323996544
.,0.2221866250038147,0.3618174195289612,0.43897318840026855,0.4569662809371948,0.24199113249778748,0.23840641975402832,0.30295518040657043,0.26448529958724976,0.22563500702381134,0.588965117931366,0.2061878889799118,0.5352458953857422,0.3567904531955719,0.4130953550338745
