,when,did,the,movement,that,would,become,the,united,methodist,church,begin,?
the,0.5091903209686279,0.34736719727516174,1.0,0.339571475982666,0.5473989248275757,0.4133751392364502,0.31731709837913513,1.0,0.34367692470550537,0.21922016143798828,0.23846197128295898,0.34293439984321594,0.22068053483963013
movement,0.28646430373191833,0.12124674767255783,0.339571475982666,1.0,0.2563289701938629,0.17011119425296783,0.2098304033279419,0.339571475982666,0.15926331281661987,0.28493544459342957,0.2679787874221802,0.22026970982551575,0.1423349231481552
which,0.572554349899292,0.2750149369239807,0.6521818041801453,0.3471234440803528,0.6894589066505432,0.3854503035545349,0.31449273228645325,0.6521818041801453,0.2821946144104004,0.16454297304153442,0.20821009576320648,0.22235408425331116,0.25814583897590637
would,0.4219970703125,0.6268245577812195,0.4133751392364502,0.17011119425296783,0.5895259380340576,1.0000001192092896,0.36260196566581726,0.4133751392364502,0.20624218881130219,0.13092108070850372,0.14457671344280243,0.34733062982559204,0.37178951501846313
become,0.4120000898838043,0.2625269889831543,0.31731709837913513,0.2098304033279419,0.33698222041130066,0.36260196566581726,1.0,0.31731709837913513,0.2240391969680786,0.16660305857658386,0.15704083442687988,0.381168007850647,0.19511328637599945
the,0.5091903209686279,0.34736719727516174,1.0,0.339571475982666,0.5473989248275757,0.4133751392364502,0.31731709837913513,1.0,0.34367692470550537,0.21922016143798828,0.23846197128295898,0.34293439984321594,0.22068053483963013
united,0.2490900456905365,0.21137088537216187,0.34367692470550537,0.15926331281661987,0.25567954778671265,0.20624218881130219,0.2240391969680786,0.34367692470550537,1.0000001192092896,0.3283560872077942,0.19284281134605408,0.1994655579328537,0.17266890406608582
methodist,0.16788707673549652,0.21641705930233002,0.21922016143798828,0.28493544459342957,0.18170638382434845,0.13092108070850372,0.16660305857658386,0.21922016143798828,0.3283560872077942,1.0,0.6119816899299622,0.10246502608060837,0.1436992734670639
church,0.20053261518478394,0.16781097650527954,0.23846197128295898,0.2679787874221802,0.18300943076610565,0.14457671344280243,0.15704083442687988,0.23846197128295898,0.19284281134605408,0.6119816899299622,0.9999999403953552,0.07368573546409607,0.18081501126289368
began,0.25673019886016846,0.4415510594844818,0.3059147596359253,0.20112213492393494,0.21520264446735382,0.369805246591568,0.22807690501213074,0.3059147596359253,0.21601754426956177,0.2203802466392517,0.1954246312379837,0.49711355566978455,0.1370266228914261
in,0.4431333839893341,0.2593238651752472,0.6662389636039734,0.26725053787231445,0.435920387506485,0.30461156368255615,0.23238378763198853,0.6662389636039734,0.3938477039337158,0.24702993035316467,0.2493300437927246,0.2903634011745453,0.20430970191955566
the,0.5091903209686279,0.34736719727516174,1.0,0.339571475982666,0.5473989248275757,0.4133751392364502,0.31731709837913513,1.0,0.34367692470550537,0.21922016143798828,0.23846197128295898,0.34293439984321594,0.22068053483963013
mid-18th,0.2743767499923706,0.2104530781507492,0.3903619647026062,0.21052788197994232,0.29621124267578125,0.2522519528865814,0.1810169219970703,0.3903619647026062,0.3152086138725281,0.2536041736602783,0.17140011489391327,0.2672289311885834,0.07706829905509949
century,0.22992412745952606,0.2333737462759018,0.3617299497127533,0.281447172164917,0.24900858104228973,0.15851861238479614,0.22218185663223267,0.3617299497127533,0.2704525887966156,0.23153899610042572,0.3047577142715454,0.17297205328941345,0.1026201918721199
within,0.3464125096797943,0.15734176337718964,0.39827480912208557,0.20748914778232574,0.33798906207084656,0.23374409973621368,0.2105371206998825,0.39827480912208557,0.24872973561286926,0.2349887490272522,0.17566072940826416,0.21452322602272034,0.1870293766260147
the,0.5091903209686279,0.34736719727516174,1.0,0.339571475982666,0.5473989248275757,0.4133751392364502,0.31731709837913513,1.0,0.34367692470550537,0.21922016143798828,0.23846197128295898,0.34293439984321594,0.22068053483963013
church,0.20053261518478394,0.16781097650527954,0.23846197128295898,0.2679787874221802,0.18300943076610565,0.14457671344280243,0.15704083442687988,0.23846197128295898,0.19284281134605408,0.6119816899299622,0.9999999403953552,0.07368573546409607,0.18081501126289368
of,0.3757161796092987,0.2513895630836487,0.733189046382904,0.2662941515445709,0.41498205065727234,0.3353942930698395,0.31678006052970886,0.733189046382904,0.3187655806541443,0.28458893299102783,0.3079429268836975,0.24830074608325958,0.1826142966747284
england,0.26359328627586365,0.22023706138134003,0.28280043601989746,0.15659652650356293,0.2558189034461975,0.15540726482868195,0.1915140450000763,0.28280043601989746,0.3712238371372223,0.3153398334980011,0.29048699140548706,0.1763559877872467,0.13436897099018097
.,0.475719153881073,0.35288307070732117,0.5934505462646484,0.22796523571014404,0.4460422694683075,0.35067233443260193,0.32859939336776733,0.5934505462646484,0.3406063914299011,0.30669423937797546,0.28898224234580994,0.24827922880649567,0.4130953550338745
