,when,did,the,court,of,justice,rule,that,the,commission,could,only,propose,that,there,must,be,some,criminal,sanctions,?
however,0.5574322938919067,0.5603718757629395,0.49814513325691223,0.262631356716156,0.3800618350505829,0.15645621716976166,0.30715328454971313,0.6336373090744019,0.49814513325691223,0.18386517465114594,0.48913729190826416,0.616029679775238,0.3609384298324585,0.6336373090744019,0.4319024085998535,0.3928605616092682,0.5002188086509705,0.5966196060180664,0.2123553454875946,0.3419177830219269,0.2152075469493866
",",0.36674630641937256,0.3015086054801941,0.4933079481124878,0.24410836398601532,0.4946078956127167,0.22630788385868073,0.24230371415615082,0.4137537479400635,0.4933079481124878,0.19528092443943024,0.27399855852127075,0.4220978021621704,0.25586456060409546,0.4137537479400635,0.4587128460407257,0.2231246829032898,0.39254459738731384,0.42400437593460083,0.25536465644836426,0.25075680017471313,0.31091248989105225
in,0.4431333839893341,0.2593238651752472,0.6662389636039734,0.2793687880039215,0.5696388483047485,0.2678598463535309,0.2128441035747528,0.435920387506485,0.6662389636039734,0.21326816082000732,0.29357993602752686,0.42992329597473145,0.18900464475154877,0.435920387506485,0.5361666083335876,0.18276341259479523,0.3481820821762085,0.4010399878025055,0.26195183396339417,0.1741596907377243,0.20430970191955566
october,0.273419588804245,0.2746104896068573,0.2621108889579773,0.15463969111442566,0.20846129953861237,0.1724017858505249,0.1560562700033188,0.21538101136684418,0.2621108889579773,0.1763385683298111,0.2040565013885498,0.25526031851768494,0.21883989870548248,0.21538101136684418,0.1823807954788208,0.11286671459674835,0.21323566138744354,0.12960298359394073,0.17504657804965973,0.14765137434005737,0.29706719517707825
2007,-0.1582726538181305,-0.2447822093963623,-0.23657195270061493,-0.25508373975753784,-0.21244128048419952,-0.20391060411930084,-0.21278123557567596,-0.18422195315361023,-0.23657195270061493,-0.21928374469280243,-0.19542168080806732,-0.1924220770597458,-0.21492931246757507,-0.18422195315361023,-0.233750119805336,-0.08394330739974976,-0.07821867614984512,-0.12801440060138702,-0.17904223501682281,-0.2255297750234604,-0.1664225310087204
",",0.36674630641937256,0.3015086054801941,0.4933079481124878,0.24410836398601532,0.4946078956127167,0.22630788385868073,0.24230371415615082,0.4137537479400635,0.4933079481124878,0.19528092443943024,0.27399855852127075,0.4220978021621704,0.25586456060409546,0.4137537479400635,0.4587128460407257,0.2231246829032898,0.39254459738731384,0.42400437593460083,0.25536465644836426,0.25075680017471313,0.31091248989105225
the,0.5091903209686279,0.34736719727516174,1.0,0.2812081575393677,0.733189046382904,0.23470892012119293,0.29894936084747314,0.5473989248275757,1.0,0.24418850243091583,0.35393214225769043,0.5497692227363586,0.2302119880914688,0.5473989248275757,0.47025805711746216,0.2713140547275543,0.4248143136501312,0.4566698372364044,0.25219881534576416,0.28428736329078674,0.22068053483963013
court,0.23927445709705353,0.23020441830158234,0.2812081575393677,1.0,0.28835242986679077,0.5483176112174988,0.2673744857311249,0.2474849969148636,0.2812081575393677,0.36450091004371643,0.2330874651670456,0.22516009211540222,0.1314980387687683,0.2474849969148636,0.21166393160820007,0.18451771140098572,0.20228137075901031,0.1834004670381546,0.421926349401474,0.26994699239730835,0.17100423574447632
of,0.3757161796092987,0.2513895630836487,0.733189046382904,0.28835242986679077,1.0,0.2658293545246124,0.25175079703330994,0.41498205065727234,0.733189046382904,0.2698368728160858,0.29043012857437134,0.49632513523101807,0.2539187967777252,0.41498205065727234,0.44397735595703125,0.24322323501110077,0.33904364705085754,0.4300730526447296,0.22688241302967072,0.23423455655574799,0.1826142966747284
justice,0.15634077787399292,0.10621706396341324,0.23470892012119293,0.5483176112174988,0.2658293545246124,1.0,0.1936732977628708,0.23929592967033386,0.23470892012119293,0.3890712857246399,0.16897235810756683,0.16321352124214172,0.14265933632850647,0.23929592967033386,0.1235368549823761,0.20069235563278198,0.1579141616821289,0.13603055477142334,0.40695130825042725,0.26935380697250366,0.19269752502441406
ruled,0.2296513020992279,0.28686225414276123,0.2668108344078064,0.4616835117340088,0.29798635840415955,0.27751418948173523,0.5672529339790344,0.22988352179527283,0.2668108344078064,0.18478605151176453,0.26048529148101807,0.2112734317779541,0.17446120083332062,0.22988352179527283,0.20732538402080536,0.14250698685646057,0.16947992146015167,0.1880626380443573,0.27529290318489075,0.22560584545135498,0.19970785081386566
that,0.5860282182693481,0.47518548369407654,0.5473989248275757,0.2474849969148636,0.41498205065727234,0.23929592967033386,0.3050867021083832,1.0,0.5473989248275757,0.22035260498523712,0.5584503412246704,0.6004067063331604,0.3755408823490143,1.0,0.6006520986557007,0.42000943422317505,0.6036020517349243,0.6049469113349915,0.20812709629535675,0.3055464029312134,0.32716336846351624
the,0.5091903209686279,0.34736719727516174,1.0,0.2812081575393677,0.733189046382904,0.23470892012119293,0.29894936084747314,0.5473989248275757,1.0,0.24418850243091583,0.35393214225769043,0.5497692227363586,0.2302119880914688,0.5473989248275757,0.47025805711746216,0.2713140547275543,0.4248143136501312,0.4566698372364044,0.25219881534576416,0.28428736329078674,0.22068053483963013
commission,0.19186250865459442,0.18697425723075867,0.24418850243091583,0.36450091004371643,0.2698368728160858,0.3890712857246399,0.1494164913892746,0.22035260498523712,0.24418850243091583,0.9999998807907104,0.20271454751491547,0.1622326523065567,0.20732001960277557,0.22035260498523712,0.12579765915870667,0.16934053599834442,0.19977925717830658,0.17702807486057281,0.30316174030303955,0.3087426722049713,0.16231559216976166
could,0.42036551237106323,0.6308382749557495,0.35393214225769043,0.2330874651670456,0.29043012857437134,0.16897235810756683,0.21871857345104218,0.5584503412246704,0.35393214225769043,0.20271454751491547,0.9999998807907104,0.4374507963657379,0.3725033104419708,0.5584503412246704,0.3730776607990265,0.48394137620925903,0.4791525900363922,0.46296966075897217,0.19539843499660492,0.2873322665691376,0.3411986827850342
not,0.4799930453300476,0.6481515765190125,0.4310511648654938,0.21835780143737793,0.3307090103626251,0.12427773326635361,0.2750202715396881,0.6600887179374695,0.4310511648654938,0.21429981291294098,0.5930190086364746,0.5868885517120361,0.3715692162513733,0.6600887179374695,0.43214359879493713,0.48002883791923523,0.5788898468017578,0.564181387424469,0.2183527946472168,0.31758275628089905,0.41942933201789856
propose,0.21018950641155243,0.32829418778419495,0.2302119880914688,0.1314980387687683,0.2539187967777252,0.14265933632850647,0.2791544198989868,0.3755408823490143,0.2302119880914688,0.20732001960277557,0.3725033104419708,0.28524988889694214,1.0,0.3755408823490143,0.2512604892253876,0.309922993183136,0.341749370098114,0.28395649790763855,0.18218541145324707,0.3015103042125702,0.36768224835395813
what,0.4700249433517456,0.4259131848812103,0.42745697498321533,0.23440583050251007,0.33290785551071167,0.21462921798229218,0.30539435148239136,0.6297725439071655,0.42745697498321533,0.22273972630500793,0.4188697934150696,0.41415658593177795,0.33669546246528625,0.6297725439071655,0.35085538029670715,0.30362528562545776,0.3929833769798279,0.4491020441055298,0.21020962297916412,0.3307080864906311,0.5051238536834717
the,0.5091903209686279,0.34736719727516174,1.0,0.2812081575393677,0.733189046382904,0.23470892012119293,0.29894936084747314,0.5473989248275757,1.0,0.24418850243091583,0.35393214225769043,0.5497692227363586,0.2302119880914688,0.5473989248275757,0.47025805711746216,0.2713140547275543,0.4248143136501312,0.4566698372364044,0.25219881534576416,0.28428736329078674,0.22068053483963013
criminal,0.1496298462152481,0.17430134117603302,0.25219881534576416,0.421926349401474,0.22688241302967072,0.40695130825042725,0.1890663057565689,0.20812709629535675,0.25219881534576416,0.30316174030303955,0.19539843499660492,0.14606310427188873,0.18218541145324707,0.20812709629535675,0.157657653093338,0.18324655294418335,0.17491304874420166,0.18504728376865387,0.9999999403953552,0.3098796308040619,0.17345646023750305
sanctions,0.250898540019989,0.26196473836898804,0.28428736329078674,0.26994699239730835,0.23423455655574799,0.26935380697250366,0.34736454486846924,0.3055464029312134,0.28428736329078674,0.3087426722049713,0.2873322665691376,0.253342866897583,0.3015103042125702,0.3055464029312134,0.23660103976726532,0.23078951239585876,0.27487093210220337,0.2645255923271179,0.3098796308040619,1.0,0.2475357949733734
could,0.42036551237106323,0.6308382749557495,0.35393214225769043,0.2330874651670456,0.29043012857437134,0.16897235810756683,0.21871857345104218,0.5584503412246704,0.35393214225769043,0.20271454751491547,0.9999998807907104,0.4374507963657379,0.3725033104419708,0.5584503412246704,0.3730776607990265,0.48394137620925903,0.4791525900363922,0.46296966075897217,0.19539843499660492,0.2873322665691376,0.3411986827850342
be,0.4451393485069275,0.22657383978366852,0.4248143136501312,0.20228137075901031,0.33904364705085754,0.1579141616821289,0.25201159715652466,0.6036020517349243,0.4248143136501312,0.19977925717830658,0.4791525900363922,0.46042704582214355,0.341749370098114,0.6036020517349243,0.41019052267074585,0.4737209677696228,1.0,0.49956634640693665,0.17491304874420166,0.27487093210220337,0.3324260413646698
",",0.36674630641937256,0.3015086054801941,0.4933079481124878,0.24410836398601532,0.4946078956127167,0.22630788385868073,0.24230371415615082,0.4137537479400635,0.4933079481124878,0.19528092443943024,0.27399855852127075,0.4220978021621704,0.25586456060409546,0.4137537479400635,0.4587128460407257,0.2231246829032898,0.39254459738731384,0.42400437593460083,0.25536465644836426,0.25075680017471313,0.31091248989105225
only,0.5497387051582336,0.4039593040943146,0.5497692227363586,0.22516009211540222,0.49632513523101807,0.16321352124214172,0.31936565041542053,0.6004067063331604,0.5497692227363586,0.1622326523065567,0.4374507963657379,1.0,0.28524988889694214,0.6004067063331604,0.5042840242385864,0.37705567479133606,0.46042704582214355,0.54151451587677,0.14606310427188873,0.253342866897583,0.2767370045185089
that,0.5860282182693481,0.47518548369407654,0.5473989248275757,0.2474849969148636,0.41498205065727234,0.23929592967033386,0.3050867021083832,1.0,0.5473989248275757,0.22035260498523712,0.5584503412246704,0.6004067063331604,0.3755408823490143,1.0,0.6006520986557007,0.42000943422317505,0.6036020517349243,0.6049469113349915,0.20812709629535675,0.3055464029312134,0.32716336846351624
there,0.34822648763656616,0.29736605286598206,0.47025805711746216,0.21166393160820007,0.44397735595703125,0.1235368549823761,0.22327294945716858,0.6006520986557007,0.47025805711746216,0.12579765915870667,0.3730776607990265,0.5042840242385864,0.2512604892253876,0.6006520986557007,1.0,0.2637070417404175,0.41019052267074585,0.5035935640335083,0.157657653093338,0.23660103976726532,0.29405656456947327
must,0.3487336039543152,0.3169625401496887,0.2713140547275543,0.18451771140098572,0.24322323501110077,0.20069235563278198,0.22285225987434387,0.42000943422317505,0.2713140547275543,0.16934053599834442,0.48394137620925903,0.37705567479133606,0.309922993183136,0.42000943422317505,0.2637070417404175,1.0,0.4737209677696228,0.3319004774093628,0.18324655294418335,0.23078951239585876,0.23707495629787445
be,0.4451393485069275,0.22657383978366852,0.4248143136501312,0.20228137075901031,0.33904364705085754,0.1579141616821289,0.25201159715652466,0.6036020517349243,0.4248143136501312,0.19977925717830658,0.4791525900363922,0.46042704582214355,0.341749370098114,0.6036020517349243,0.41019052267074585,0.4737209677696228,1.0,0.49956634640693665,0.17491304874420166,0.27487093210220337,0.3324260413646698
some,0.386913925409317,0.42553430795669556,0.4566698372364044,0.1834004670381546,0.4300730526447296,0.13603055477142334,0.1877649873495102,0.6049469113349915,0.4566698372364044,0.17702807486057281,0.46296966075897217,0.54151451587677,0.28395649790763855,0.6049469113349915,0.5035935640335083,0.3319004774093628,0.49956634640693665,0.9999999403953552,0.18504728376865387,0.2645255923271179,0.2562315762042999
.,0.475719153881073,0.35288307070732117,0.5934505462646484,0.2742154598236084,0.5352458953857422,0.24642124772071838,0.2436654418706894,0.4460422694683075,0.5934505462646484,0.20309296250343323,0.3200591504573822,0.49507418274879456,0.2183939814567566,0.4460422694683075,0.43897318840026855,0.27722811698913574,0.4383580684661865,0.40663889050483704,0.2527567744255066,0.22870241105556488,0.4130953550338745
