,the,umc,stands,in,oppopsition,to,the,creation,of,embroys,for,the,sake,of,what,?
the,1.0,0.21262750029563904,0.31032469868659973,0.6662389636039734,0.358944296836853,0.535392165184021,1.0,0.34625571966171265,0.733189046382904,0.2222001701593399,0.4739971458911896,1.0,0.1958519071340561,0.733189046382904,0.42745697498321533,0.22068053483963013
umc,0.21262750029563904,1.0,0.18011486530303955,0.15436193346977234,0.2737385034561157,0.23076260089874268,0.21262750029563904,0.2118072807788849,0.18128293752670288,0.2417232096195221,0.20637543499469757,0.21262750029563904,0.23749858140945435,0.18128293752670288,0.2557855546474457,0.2609967589378357
stands,0.31032469868659973,0.18011486530303955,1.0,0.24075044691562653,0.24861153960227966,0.21018967032432556,0.31032469868659973,0.12472571432590485,0.27837875485420227,0.167188361287117,0.31713762879371643,0.31032469868659973,0.1674441248178482,0.27837875485420227,0.16123995184898376,0.10421594232320786
in,0.6662389636039734,0.15436193346977234,0.24075044691562653,1.0,0.2551751136779785,0.45010748505592346,0.6662389636039734,0.22394786775112152,0.5696388483047485,0.2574715316295624,0.4322226941585541,0.6662389636039734,0.19010978937149048,0.5696388483047485,0.30808621644973755,0.20430970191955566
``,0.029072100296616554,0.004294969141483307,0.0968189463019371,0.04765888676047325,0.09513098746538162,0.06720756739377975,0.029072100296616554,0.06019286811351776,0.06780257821083069,0.004460569936782122,0.01270448137074709,0.029072100296616554,0.03593554347753525,0.06780257821083069,0.008517155423760414,0.0685480609536171
opposition,0.26783087849617004,0.17691358923912048,0.21151690185070038,0.21703043580055237,0.7430967092514038,0.2251589596271515,0.26783087849617004,0.18754681944847107,0.27615541219711304,0.12001673877239227,0.2402389794588089,0.26783087849617004,0.16531717777252197,0.27615541219711304,0.2798226773738861,0.15647298097610474
to,0.535392165184021,0.23076260089874268,0.21018967032432556,0.45010748505592346,0.32870346307754517,1.0,0.535392165184021,0.28549936413764954,0.41548454761505127,0.2272375077009201,0.4451248347759247,0.535392165184021,0.2851526141166687,0.41548454761505127,0.455847829580307,0.29463258385658264
the,1.0,0.21262750029563904,0.31032469868659973,0.6662389636039734,0.358944296836853,0.535392165184021,1.0,0.34625571966171265,0.733189046382904,0.2222001701593399,0.4739971458911896,1.0,0.1958519071340561,0.733189046382904,0.42745697498321533,0.22068053483963013
creation,0.34625571966171265,0.2118072807788849,0.12472571432590485,0.22394786775112152,0.20737683773040771,0.28549936413764954,0.34625571966171265,1.0,0.35750406980514526,0.2351359874010086,0.26819050312042236,0.34625571966171265,0.30547603964805603,0.35750406980514526,0.2653278112411499,0.2407430112361908
of,0.733189046382904,0.18128293752670288,0.27837875485420227,0.5696388483047485,0.3163577914237976,0.41548454761505127,0.733189046382904,0.35750406980514526,1.0,0.31023022532463074,0.4185989499092102,0.733189046382904,0.24259239435195923,1.0,0.33290785551071167,0.1826142966747284
embryos,0.26437774300575256,0.15995833277702332,0.0864088237285614,0.20860780775547028,0.32539936900138855,0.2109890729188919,0.26437774300575256,0.23614175617694855,0.2483600378036499,0.4214599132537842,0.16572800278663635,0.26437774300575256,0.10519614070653915,0.2483600378036499,0.20116986334323883,0.17293721437454224
for,0.4739971458911896,0.20637543499469757,0.31713762879371643,0.4322226941585541,0.34060314297676086,0.4451248347759247,0.4739971458911896,0.26819050312042236,0.4185989499092102,0.2149025797843933,0.9999999403953552,0.4739971458911896,0.3096989691257477,0.4185989499092102,0.3017193675041199,0.264628142118454
the,1.0,0.21262750029563904,0.31032469868659973,0.6662389636039734,0.358944296836853,0.535392165184021,1.0,0.34625571966171265,0.733189046382904,0.2222001701593399,0.4739971458911896,1.0,0.1958519071340561,0.733189046382904,0.42745697498321533,0.22068053483963013
sake,0.1958519071340561,0.23749858140945435,0.1674441248178482,0.19010978937149048,0.24542886018753052,0.2851526141166687,0.1958519071340561,0.30547603964805603,0.24259239435195923,0.22382238507270813,0.3096989691257477,0.1958519071340561,1.0,0.24259239435195923,0.3404654860496521,0.2517717480659485
of,0.733189046382904,0.18128293752670288,0.27837875485420227,0.5696388483047485,0.3163577914237976,0.41548454761505127,0.733189046382904,0.35750406980514526,1.0,0.31023022532463074,0.4185989499092102,0.733189046382904,0.24259239435195923,1.0,0.33290785551071167,0.1826142966747284
research,0.24391183257102966,0.24150115251541138,0.10218790173530579,0.21249429881572723,0.30810484290122986,0.2667310833930969,0.24391183257102966,0.2163177877664566,0.22573977708816528,0.1697552651166916,0.29481053352355957,0.24391183257102966,0.1400795876979828,0.22573977708816528,0.237140491604805,0.13481977581977844
'',0.041273195296525955,0.10930682718753815,-0.042804233729839325,0.07432962208986282,-0.007719604764133692,-0.009905828163027763,0.041273195296525955,-0.06385795772075653,0.13035868108272552,0.010312066413462162,-0.04479556903243065,0.041273195296525955,-0.02302226610481739,0.13035868108272552,0.08143015950918198,0.018684765323996544
as,0.48381632566452026,0.24607859551906586,0.2086646854877472,0.3887844979763031,0.3454856872558594,0.42092081904411316,0.48381632566452026,0.18788519501686096,0.3886612355709076,0.205965057015419,0.44774648547172546,0.48381632566452026,0.2845892012119293,0.3886612355709076,0.31749409437179565,0.27043893933296204
``,0.029072100296616554,0.004294969141483307,0.0968189463019371,0.04765888676047325,0.09513098746538162,0.06720756739377975,0.029072100296616554,0.06019286811351776,0.06780257821083069,0.004460569936782122,0.01270448137074709,0.029072100296616554,0.03593554347753525,0.06780257821083069,0.008517155423760414,0.0685480609536171
a,0.5829201340675354,0.19728222489356995,0.34504804015159607,0.539380669593811,0.351721853017807,0.45503583550453186,0.5829201340675354,0.26870065927505493,0.5052502155303955,0.24231456220149994,0.44038116931915283,0.5829201340675354,0.24229492247104645,0.5052502155303955,0.3320399522781372,0.23916715383529663
human,0.3103327453136444,0.14736421406269073,0.1648617833852768,0.23986108601093292,0.29221805930137634,0.25612473487854004,0.3103327453136444,0.23584836721420288,0.3083189129829407,0.16221243143081665,0.2089424729347229,0.3103327453136444,0.16149336099624634,0.3083189129829407,0.24243313074111938,0.19748784601688385
embryo,0.21441292762756348,0.19726906716823578,0.0966479629278183,0.15854328870773315,0.3021223545074463,0.21302910149097443,0.21441292762756348,0.20953747630119324,0.20010679960250854,0.4301450848579407,0.1552754044532776,0.21441292762756348,0.13764746487140656,0.20010679960250854,0.2054355889558792,0.1736738383769989
",",0.4933079481124878,0.1953766793012619,0.30854517221450806,0.5201468467712402,0.2725513279438019,0.44245919585227966,0.4933079481124878,0.24387513101100922,0.4946078956127167,0.28597939014434814,0.4464869201183319,0.4933079481124878,0.23588281869888306,0.4946078956127167,0.3087472915649414,0.31091248989105225
even,0.37996912002563477,0.19780851900577545,0.25340041518211365,0.29146435856819153,0.3672320544719696,0.46467068791389465,0.37996912002563477,0.25941503047943115,0.34735506772994995,0.2039487361907959,0.39184510707855225,0.37996912002563477,0.24501661956310272,0.34735506772994995,0.40872135758399963,0.30082517862319946
at,0.457212895154953,0.1896803230047226,0.2232893705368042,0.4374977946281433,0.2364097386598587,0.36524343490600586,0.457212895154953,0.1533563882112503,0.42558613419532776,0.21926794946193695,0.34237727522850037,0.457212895154953,0.18650954961776733,0.42558613419532776,0.2838611304759979,0.21978627145290375
its,0.559237003326416,0.13618949055671692,0.266133576631546,0.3793783485889435,0.34501326084136963,0.3691340684890747,0.559237003326416,0.29184386134147644,0.48690423369407654,0.14852944016456604,0.2992613911628723,0.559237003326416,0.1549263894557953,0.48690423369407654,0.30393704771995544,0.15103481709957123
earliest,0.32825469970703125,0.1252283751964569,0.1800960898399353,0.3064194619655609,0.2621394097805023,0.20613901317119598,0.32825469970703125,0.20119541883468628,0.33267632126808167,0.16867350041866302,0.237797811627388,0.32825469970703125,0.13191284239292145,0.33267632126808167,0.23163363337516785,0.139415442943573
stages,0.29316213726997375,0.11975111067295074,0.14243854582309723,0.25691351294517517,0.3071485757827759,0.1880870908498764,0.29316213726997375,0.17874638736248016,0.27978867292404175,0.18985676765441895,0.2248757928609848,0.29316213726997375,0.06277298182249069,0.27978867292404175,0.18274828791618347,0.12672165036201477
",",0.4933079481124878,0.1953766793012619,0.30854517221450806,0.5201468467712402,0.2725513279438019,0.44245919585227966,0.4933079481124878,0.24387513101100922,0.4946078956127167,0.28597939014434814,0.4464869201183319,0.4933079481124878,0.23588281869888306,0.4946078956127167,0.3087472915649414,0.31091248989105225
commands,0.2872570753097534,0.16971595585346222,0.30734166502952576,0.15596610307693481,0.26457324624061584,0.2949768900871277,0.2872570753097534,0.24036812782287598,0.2571102976799011,0.17564046382904053,0.19173957407474518,0.2872570753097534,0.19130311906337738,0.2571102976799011,0.24865472316741943,0.1516381800174713
our,0.34956011176109314,0.172886461019516,0.22942791879177094,0.17172041535377502,0.20567528903484344,0.2916623651981354,0.34956011176109314,0.22635066509246826,0.28844836354255676,0.19114667177200317,0.26028966903686523,0.34956011176109314,0.2914601266384125,0.28844836354255676,0.3871900141239166,0.2894428074359894
reverence,0.2574782371520996,0.2506536543369293,0.2575820982456207,0.21968074142932892,0.28557896614074707,0.22675441205501556,0.2574782371520996,0.21680045127868652,0.26623451709747314,0.21867716312408447,0.20824289321899414,0.2574782371520996,0.2083589881658554,0.26623451709747314,0.2686215043067932,0.21802489459514618
.,0.5934505462646484,0.23154163360595703,0.2680073380470276,0.5591574311256409,0.2770237326622009,0.4645031690597534,0.5934505462646484,0.27493008971214294,0.5352458953857422,0.27707892656326294,0.4726039469242096,0.5934505462646484,0.21384285390377045,0.5352458953857422,0.3567904531955719,0.4130953550338745
'',0.041273195296525955,0.10930682718753815,-0.042804233729839325,0.07432962208986282,-0.007719604764133692,-0.009905828163027763,0.041273195296525955,-0.06385795772075653,0.13035868108272552,0.010312066413462162,-0.04479556903243065,0.041273195296525955,-0.02302226610481739,0.13035868108272552,0.08143015950918198,0.018684765323996544
