,when,was,there,a,sharp,rise,in,nationalism,in,scotland,?
a,0.44397395849227905,0.4508470594882965,0.4214206337928772,1.0,0.2714505195617676,0.2110608071088791,0.539380669593811,0.21795016527175903,0.539380669593811,0.2106660157442093,0.23916715383529663
sharp,0.21219460666179657,0.11500541120767593,0.1696913093328476,0.2714505195617676,0.9999999403953552,0.20981872081756592,0.1889141947031021,0.1330171376466751,0.1889141947031021,0.16298025846481323,0.10235925018787384
rise,0.15769775211811066,0.1483619064092636,0.14741484820842743,0.2110608071088791,0.20981872081756592,1.0,0.1934409737586975,0.2742863893508911,0.1934409737586975,0.11341279745101929,0.10799103230237961
in,0.4431333839893341,0.45514053106307983,0.5361666083335876,0.539380669593811,0.1889141947031021,0.1934409737586975,1.0,0.20544803142547607,1.0,0.24716059863567352,0.20430970191955566
nationalism,0.16583633422851562,0.22557993233203888,0.13284583389759064,0.21795016527175903,0.1330171376466751,0.2742863893508911,0.20544803142547607,1.0,0.20544803142547607,0.21628828346729279,0.1636960208415985
in,0.4431333839893341,0.45514053106307983,0.5361666083335876,0.539380669593811,0.1889141947031021,0.1934409737586975,1.0,0.20544803142547607,1.0,0.24716059863567352,0.20430970191955566
scotland,0.15329182147979736,0.17744721472263336,0.16482767462730408,0.2106660157442093,0.16298025846481323,0.11341279745101929,0.24716059863567352,0.21628828346729279,0.24716059863567352,1.0,0.09160218387842178
during,0.46721696853637695,0.4470829963684082,0.31077060103416443,0.30341604351997375,0.12815658748149872,0.1958993524312973,0.4627237319946289,0.243462935090065,0.4627237319946289,0.15719658136367798,0.1325719803571701
the,0.5091903209686279,0.48711544275283813,0.47025805711746216,0.5829201340675354,0.20238399505615234,0.3404741883277893,0.6662389636039734,0.24141642451286316,0.6662389636039734,0.23846951127052307,0.22068053483963013
late,0.29498016834259033,0.4393066465854645,0.22001320123672485,0.22989967465400696,0.16792505979537964,0.25974130630493164,0.3439198434352875,0.2709404528141022,0.3439198434352875,0.15708421170711517,0.11339222639799118
1960s,-0.23030318319797516,-0.029007330536842346,-0.04360154643654823,-0.0023212626110762358,-0.019343042746186256,-0.03481137007474899,0.0007937865448184311,0.026207277551293373,0.0007937865448184311,0.03529459238052368,-0.08257022500038147
fuelled,0.24589379131793976,0.2680336534976959,0.26418888568878174,0.29365020990371704,0.1729046106338501,0.20365634560585022,0.23766197264194489,0.19812673330307007,0.23766197264194489,0.1300784796476364,0.14988796412944794
demands,0.3087908625602722,0.1977251023054123,0.21800321340560913,0.23722945153713226,0.09453129023313522,0.2545456886291504,0.2259538322687149,0.26014289259910583,0.2259538322687149,0.12441550195217133,0.11488337814807892
for,0.43402108550071716,0.3863949179649353,0.3728419542312622,0.44038116931915283,0.16187167167663574,0.13634364306926727,0.4322226941585541,0.17595642805099487,0.4322226941585541,0.2155212014913559,0.264628142118454
some,0.386913925409317,0.21528802812099457,0.5035935640335083,0.34539633989334106,0.25685110688209534,0.2956802546977997,0.4010399878025055,0.281261146068573,0.4010399878025055,0.19957596063613892,0.2562315762042999
form,0.31953904032707214,0.15690121054649353,0.23102781176567078,0.3088195323944092,0.11287066340446472,0.20178362727165222,0.2815987169742584,0.23538874089717865,0.2815987169742584,0.16221411526203156,0.1463010311126709
of,0.3757161796092987,0.4069072902202606,0.44397735595703125,0.5052502155303955,0.18021084368228912,0.2733727991580963,0.5696388483047485,0.25239041447639465,0.5696388483047485,0.2208399921655655,0.1826142966747284
home,0.24208083748817444,0.25139835476875305,0.24579636752605438,0.26260659098625183,0.07508783787488937,0.10217335820198059,0.30467477440834045,0.13982164859771729,0.30467477440834045,0.23970705270767212,0.0757145956158638
rule,0.28752797842025757,0.19895824790000916,0.22327294945716858,0.2032480239868164,0.033708617091178894,0.27099284529685974,0.2128441035747528,0.30626633763313293,0.2128441035747528,0.1408783197402954,0.1955260932445526
or,0.417120099067688,0.2330796718597412,0.4594070315361023,0.48853766918182373,0.26166170835494995,0.18233485519886017,0.3586423695087433,0.167735755443573,0.3586423695087433,0.20560160279273987,0.32389625906944275
complete,0.1622815877199173,0.13758507370948792,0.2479284703731537,0.29913821816444397,0.20082475244998932,0.11454574763774872,0.2201821506023407,0.12093472480773926,0.2201821506023407,0.09451812505722046,0.11962060630321503
independence,0.1640492081642151,0.24797119200229645,0.1337539553642273,0.19904725253582,0.02838272415101528,0.08146675676107407,0.25996696949005127,0.4549139440059662,0.25996696949005127,0.17227058112621307,0.12301119416952133
",",0.36674630641937256,0.45456063747406006,0.4587128460407257,0.427140474319458,0.2532254755496979,0.2350703477859497,0.5201468467712402,0.20392820239067078,0.5201468467712402,0.21124857664108276,0.31091248989105225
and,0.4716290831565857,0.3740963041782379,0.4242868423461914,0.3739250600337982,0.2658560276031494,0.2639505863189697,0.4954058527946472,0.20760926604270935,0.4954058527946472,0.2930583655834198,0.20544172823429108
in,0.4431333839893341,0.45514053106307983,0.5361666083335876,0.539380669593811,0.1889141947031021,0.1934409737586975,1.0,0.20544803142547607,1.0,0.24716059863567352,0.20430970191955566
1969,0.27408403158187866,0.31709611415863037,0.12818777561187744,0.18597425520420074,0.13704146444797516,0.08207610249519348,0.20296303927898407,0.10967749357223511,0.20296303927898407,0.21848757565021515,0.19860808551311493
prompted,0.22345221042633057,0.2312595248222351,0.18661567568778992,0.23719322681427002,0.20252753794193268,0.28475233912467957,0.2340080887079239,0.2580278515815735,0.2340080887079239,0.15280713140964508,0.13139130175113678
the,0.5091903209686279,0.48711544275283813,0.47025805711746216,0.5829201340675354,0.20238399505615234,0.3404741883277893,0.6662389636039734,0.24141642451286316,0.6662389636039734,0.23846951127052307,0.22068053483963013
incumbent,0.2201816290616989,0.22289705276489258,0.12142118066549301,0.17580167949199677,0.17805346846580505,0.13503701984882355,0.18211562931537628,0.13936041295528412,0.18211562931537628,0.18560633063316345,0.22808223962783813
labour,0.1308453381061554,0.2249745875597,0.089471735060215,0.19876667857170105,0.1367383897304535,0.2206997126340866,0.17481884360313416,0.3046686351299286,0.17481884360313416,0.2811063528060913,0.15689024329185486
government,0.23078718781471252,0.2995857298374176,0.27723273634910583,0.25158295035362244,0.08904768526554108,0.15288390219211578,0.3066793978214264,0.4489176273345947,0.3066793978214264,0.22436054050922394,0.18851417303085327
of,0.3757161796092987,0.4069072902202606,0.44397735595703125,0.5052502155303955,0.18021084368228912,0.2733727991580963,0.5696388483047485,0.25239041447639465,0.5696388483047485,0.2208399921655655,0.1826142966747284
harold,0.11865489929914474,0.27648866176605225,0.11695671826601028,0.2205168902873993,0.17452895641326904,0.1420072615146637,0.2284298837184906,0.12804895639419556,0.2284298837184906,0.2281670868396759,0.151779443025589
wilson,0.17791715264320374,0.1931360512971878,0.11461640149354935,0.18023544549942017,0.19345210492610931,0.09414395689964294,0.1866002231836319,0.11809290945529938,0.1866002231836319,0.22721903026103973,0.1055358424782753
to,0.5423505902290344,0.3636345863342285,0.40669289231300354,0.45503583550453186,0.21776749193668365,0.23256368935108185,0.45010748505592346,0.2103620171546936,0.45010748505592346,0.19875919818878174,0.29463258385658264
set,0.26233336329460144,0.22985222935676575,0.23786096274852753,0.2540091574192047,0.08104991167783737,0.15425235033035278,0.2663729190826416,0.09879045933485031,0.2663729190826416,0.14786630868911743,0.1698019951581955
up,0.3850642144680023,0.24070115387439728,0.32834336161613464,0.32523053884506226,0.1874394714832306,0.30755171179771423,0.3120773434638977,0.11838555335998535,0.3120773434638977,0.14345809817314148,0.1819818764925003
the,0.5091903209686279,0.48711544275283813,0.47025805711746216,0.5829201340675354,0.20238399505615234,0.3404741883277893,0.6662389636039734,0.24141642451286316,0.6662389636039734,0.23846951127052307,0.22068053483963013
kilbrandon,0.18005825579166412,0.28767916560173035,0.20318281650543213,0.26704028248786926,0.22774659097194672,0.16511131823062897,0.3199138641357422,0.13497550785541534,0.3199138641357422,0.3049849569797516,0.2810101807117462
commission,0.19186250865459442,0.28741392493247986,0.12579765915870667,0.18981990218162537,0.13695864379405975,0.15549086034297943,0.21326816082000732,0.23975640535354614,0.21326816082000732,0.14195343852043152,0.16231559216976166
to,0.5423505902290344,0.3636345863342285,0.40669289231300354,0.45503583550453186,0.21776749193668365,0.23256368935108185,0.45010748505592346,0.2103620171546936,0.45010748505592346,0.19875919818878174,0.29463258385658264
consider,0.2569737136363983,0.22259771823883057,0.2674260437488556,0.308129221200943,0.12237413972616196,0.2779138386249542,0.22423222661018372,0.2242954522371292,0.22423222661018372,0.11287792772054672,0.37281370162963867
the,0.5091903209686279,0.48711544275283813,0.47025805711746216,0.5829201340675354,0.20238399505615234,0.3404741883277893,0.6662389636039734,0.24141642451286316,0.6662389636039734,0.23846951127052307,0.22068053483963013
british,0.1642608791589737,0.31934812664985657,0.15690313279628754,0.1984395682811737,0.08525954186916351,0.1677345186471939,0.23084034025669098,0.24192096292972565,0.23084034025669098,0.2999224364757538,0.09711728990077972
constitution,0.21416595578193665,0.2620309591293335,0.22035466134548187,0.21537603437900543,0.11503569036722183,0.15740340948104858,0.27906280755996704,0.37024417519569397,0.27906280755996704,0.16549323499202728,0.23706454038619995
.,0.475719153881073,0.40146201848983765,0.43897318840026855,0.50484299659729,0.22028927505016327,0.1888146847486496,0.5591574311256409,0.20213139057159424,0.5591574311256409,0.23843355476856232,0.4130953550338745
