,what,is,expected,with,the,continuous,input,of,sediment,into,the,dornbirner,ach,?
it,0.45803478360176086,0.6328473687171936,0.23061738908290863,0.3369046747684479,0.6251175999641418,0.23096467554569244,0.18733926117420197,0.38761502504348755,0.2700555622577667,0.33015328645706177,0.6251175999641418,0.26101917028427124,0.18507331609725952,0.25732165575027466
is,0.28837618231773376,1.0,0.20087631046772003,0.3250955045223236,0.5823672413825989,0.22904802858829498,0.2170686423778534,0.4854315221309662,0.19379036128520966,0.2619607150554657,0.5823672413825989,0.279044508934021,0.18320903182029724,0.22961433231830597
expected,0.3720298707485199,0.20087631046772003,1.0000001192092896,0.27193939685821533,0.3108554780483246,0.2860330641269684,0.2559634745121002,0.26944905519485474,0.17878161370754242,0.1795206069946289,0.3108554780483246,0.19031299650669098,-0.029069770127534866,0.19474582374095917
that,0.6297725439071655,0.3995479643344879,0.41815024614334106,0.4154358208179474,0.5473989248275757,0.3469308018684387,0.24763350188732147,0.41498205065727234,0.2510903477668762,0.3239944875240326,0.5473989248275757,0.22744719684123993,0.12683343887329102,0.32716336846351624
the,0.42745697498321533,0.5823672413825989,0.3108554780483246,0.4223487675189972,1.0,0.2679058313369751,0.19928309321403503,0.733189046382904,0.2451712042093277,0.39493247866630554,1.0,0.3647852838039398,0.1773579716682434,0.22068053483963013
continuous,0.24768517911434174,0.22904802858829498,0.2860330641269684,0.2251150757074356,0.2679058313369751,0.9999998807907104,0.21928738057613373,0.28397953510284424,0.29446470737457275,0.22679148614406586,0.2679058313369751,0.14332404732704163,0.08066746592521667,0.10320229828357697
input,0.2844698429107666,0.2170686423778534,0.2559634745121002,0.17565976083278656,0.19928309321403503,0.21928738057613373,0.9999999403953552,0.13291659951210022,0.16847874224185944,0.11035733669996262,0.19928309321403503,0.1550176739692688,0.12066047638654709,0.24861721694469452
of,0.33290785551071167,0.4854315221309662,0.26944905519485474,0.41827285289764404,0.733189046382904,0.28397953510284424,0.13291659951210022,1.0,0.2534373998641968,0.32255905866622925,0.733189046382904,0.3242020308971405,0.17893241345882416,0.1826142966747284
sediment,0.19542910158634186,0.19379036128520966,0.17878161370754242,0.1399833709001541,0.2451712042093277,0.29446470737457275,0.16847874224185944,0.2534373998641968,1.0000001192092896,0.23574435710906982,0.2451712042093277,0.23822158575057983,0.11658898741006851,0.14870919287204742
into,0.2180619090795517,0.2619607150554657,0.1795206069946289,0.2912435233592987,0.39493247866630554,0.22679148614406586,0.11035733669996262,0.32255905866622925,0.23574435710906982,1.0,0.39493247866630554,0.1989021599292755,0.14773713052272797,0.15662476420402527
the,0.42745697498321533,0.5823672413825989,0.3108554780483246,0.4223487675189972,1.0,0.2679058313369751,0.19928309321403503,0.733189046382904,0.2451712042093277,0.39493247866630554,1.0,0.3647852838039398,0.1773579716682434,0.22068053483963013
lake,0.17778855562210083,0.22300897538661957,0.1292901188135147,0.1871964931488037,0.24325428903102875,0.1515883505344391,0.10445355623960495,0.23993153870105743,0.36609703302383423,0.1555050164461136,0.24325428903102875,0.3213893175125122,0.11081314831972122,0.07226386666297913
will,0.3510494530200958,0.3723262846469879,0.5220105051994324,0.33888739347457886,0.3635469079017639,0.25252896547317505,0.32633495330810547,0.2473582625389099,0.16020527482032776,0.24027608335018158,0.3635469079017639,0.22156135737895966,0.14138846099376678,0.35046905279159546
silt,0.27059248089790344,0.2645004689693451,0.2297191023826599,0.22343777120113373,0.3025934100151062,0.3223922848701477,0.19753120839595795,0.3080102801322937,0.6332283020019531,0.28985291719436646,0.3025934100151062,0.1997123807668686,0.05274003744125366,0.1718454360961914
up,0.28591108322143555,0.2853454053401947,0.23642142117023468,0.38676461577415466,0.38423117995262146,0.19953487813472748,0.19225764274597168,0.32945773005485535,0.2247672975063324,0.38173696398735046,0.38423117995262146,0.17101088166236877,0.10541412979364395,0.1819818764925003
the,0.42745697498321533,0.5823672413825989,0.3108554780483246,0.4223487675189972,1.0,0.2679058313369751,0.19928309321403503,0.733189046382904,0.2451712042093277,0.39493247866630554,1.0,0.3647852838039398,0.1773579716682434,0.22068053483963013
lake,0.17778855562210083,0.22300897538661957,0.1292901188135147,0.1871964931488037,0.24325428903102875,0.1515883505344391,0.10445355623960495,0.23993153870105743,0.36609703302383423,0.1555050164461136,0.24325428903102875,0.3213893175125122,0.11081314831972122,0.07226386666297913
.,0.3567904531955719,0.4569662809371948,0.27163344621658325,0.4446153938770294,0.5934505462646484,0.17180854082107544,0.24013976752758026,0.5352458953857422,0.2332097440958023,0.26250120997428894,0.5934505462646484,0.3764325678348541,0.19271518290042877,0.4130953550338745
