,when,was,iqbal,elected,president,of,the,muslim,league,?
sir,0.18530015647411346,0.28069576621055603,0.41052764654159546,0.21513225138187408,0.1640963852405548,0.17569157481193542,0.20237073302268982,0.2363290637731552,0.16390016674995422,0.10503887385129929
muhammad,0.19722013175487518,0.24321016669273376,0.5873591303825378,0.1822175830602646,0.29902949929237366,0.1792740523815155,0.18824619054794312,0.5547255873680115,0.17912830412387848,0.20699374377727509
iqbal,0.18738237023353577,0.31416603922843933,1.0000001192092896,0.20229636132717133,0.330445796251297,0.17434294521808624,0.1828971952199936,0.4648188054561615,0.24619193375110626,0.18507060408592224
was,0.37326499819755554,1.0000001192092896,0.31416603922843933,0.2710091769695282,0.2505730390548706,0.4069072902202606,0.48711544275283813,0.230477973818779,0.21425791084766388,0.18412111699581146
elected,0.2156970202922821,0.2710091769695282,0.20229636132717133,0.9999999403953552,0.5661197304725647,0.2767166793346405,0.23167964816093445,0.2690839469432831,0.24705880880355835,0.1966295689344406
president,0.17933911085128784,0.2505730390548706,0.330445796251297,0.5661197304725647,1.0000001192092896,0.21610750257968903,0.24330610036849976,0.24066530168056488,0.20846101641654968,0.14148259162902832
of,0.3757161796092987,0.4069072902202606,0.17434294521808624,0.2767166793346405,0.21610750257968903,1.0,0.733189046382904,0.267849862575531,0.23588460683822632,0.1826142966747284
the,0.5091903209686279,0.48711544275283813,0.1828971952199936,0.23167964816093445,0.24330610036849976,0.733189046382904,1.0,0.28099653124809265,0.2724147439002991,0.22068053483963013
muslim,0.19608429074287415,0.230477973818779,0.4648188054561615,0.2690839469432831,0.24066530168056488,0.267849862575531,0.28099653124809265,1.0,0.3019888997077942,0.17456822097301483
league,0.2000882774591446,0.21425791084766388,0.24619193375110626,0.24705880880355835,0.20846101641654968,0.23588460683822632,0.2724147439002991,0.3019888997077942,1.0000001192092896,0.15941482782363892
in,0.4431333839893341,0.45514053106307983,0.2000269591808319,0.21190309524536133,0.18811661005020142,0.5696388483047485,0.6662389636039734,0.2092999517917633,0.22963495552539825,0.20430970191955566
1930,0.09368439018726349,0.032862480729818344,-0.07541348040103912,-0.12645557522773743,-0.1291356086730957,0.10439298301935196,0.13953739404678345,-0.004095930606126785,-0.051584720611572266,-0.18270333111286163
at,0.38876327872276306,0.36707764863967896,0.18672417104244232,0.16178534924983978,0.1509951651096344,0.42558613419532776,0.457212895154953,0.138506680727005,0.21134859323501587,0.21978627145290375
its,0.34032323956489563,0.3518870174884796,0.13333304226398468,0.13752591609954834,0.1704227179288864,0.48690423369407654,0.559237003326416,0.17606037855148315,0.1876724362373352,0.15103481709957123
session,0.21577391028404236,0.199815571308136,0.2217084914445877,0.25811150670051575,0.22626323997974396,0.18514622747898102,0.2187730073928833,0.2090727835893631,0.1909218281507492,0.1393868774175644
in,0.4431333839893341,0.45514053106307983,0.2000269591808319,0.21190309524536133,0.18811661005020142,0.5696388483047485,0.6662389636039734,0.2092999517917633,0.22963495552539825,0.20430970191955566
allahabad,0.17527110874652863,0.26344034075737,0.578828752040863,0.1554984450340271,0.30461591482162476,0.3012141287326813,0.26932990550994873,0.46651771664619446,0.19178687036037445,0.06715913116931915
as,0.4437963366508484,0.3677520453929901,0.18000788986682892,0.22274595499038696,0.2031671553850174,0.3886612355709076,0.48381632566452026,0.22233983874320984,0.1659073382616043,0.27043893933296204
well,0.33199459314346313,0.3130364418029785,0.1955457180738449,0.15381596982479095,0.1280101090669632,0.3343164324760437,0.42630070447921753,0.21200791001319885,0.1803583949804306,0.24815571308135986
as,0.4437963366508484,0.3677520453929901,0.18000788986682892,0.22274595499038696,0.2031671553850174,0.3886612355709076,0.48381632566452026,0.22233983874320984,0.1659073382616043,0.27043893933296204
for,0.43402108550071716,0.3863949179649353,0.12505285441875458,0.19620943069458008,0.17469504475593567,0.4185989499092102,0.4739971458911896,0.21262682974338531,0.26433616876602173,0.264628142118454
the,0.5091903209686279,0.48711544275283813,0.1828971952199936,0.23167964816093445,0.24330610036849976,0.733189046382904,1.0,0.28099653124809265,0.2724147439002991,0.22068053483963013
session,0.21577391028404236,0.199815571308136,0.2217084914445877,0.25811150670051575,0.22626323997974396,0.18514622747898102,0.2187730073928833,0.2090727835893631,0.1909218281507492,0.1393868774175644
in,0.4431333839893341,0.45514053106307983,0.2000269591808319,0.21190309524536133,0.18811661005020142,0.5696388483047485,0.6662389636039734,0.2092999517917633,0.22963495552539825,0.20430970191955566
lahore,0.1252390295267105,0.2829650938510895,0.5882903933525085,0.13728879392147064,0.1845439374446869,0.2590904235839844,0.27147045731544495,0.48382148146629333,0.2163032591342926,0.1365487277507782
in,0.4431333839893341,0.45514053106307983,0.2000269591808319,0.21190309524536133,0.18811661005020142,0.5696388483047485,0.6662389636039734,0.2092999517917633,0.22963495552539825,0.20430970191955566
1932,0.09567795693874359,0.032067395746707916,-0.07897383719682693,-0.12683439254760742,-0.13087797164916992,0.10457485914230347,0.13905753195285797,-0.004614303354173899,-0.05272853374481201,-0.1809951514005661
.,0.475719153881073,0.40146201848983765,0.2092389315366745,0.2512674033641815,0.26255303621292114,0.5352458953857422,0.5934505462646484,0.27078697085380554,0.29573896527290344,0.4130953550338745
