,what,states,that,united,methodist,theology,is,at,once,``,catholic,",",evangelical,and,reformed,?,''
therefore,0.4125064015388489,0.16944259405136108,0.5717706680297852,0.15725916624069214,0.14470751583576202,0.21403460204601288,0.36838728189468384,0.19634877145290375,0.39651378989219666,0.10101476311683655,0.27233389019966125,0.31452515721321106,0.12938688695430756,0.4033817946910858,0.249027281999588,0.3325358033180237,0.008881444111466408
",",0.3087472915649414,0.3315127193927765,0.4137537479400635,0.3053959608078003,0.2960420250892639,0.23964712023735046,0.4691906273365021,0.38314947485923767,0.32163992524147034,0.09681109338998795,0.2713983952999115,1.0000001192092896,0.23518498241901398,0.6633074283599854,0.2146388739347458,0.31091248989105225,-0.037358131259679794
according,0.2776208221912384,0.2622531056404114,0.29146862030029297,0.2191866785287857,0.19346879422664642,0.21039360761642456,0.2838992476463318,0.25376394391059875,0.20686304569244385,0.008405309170484543,0.15710529685020447,0.3107093870639801,0.17322544753551483,0.30645591020584106,0.25779542326927185,0.21173474192619324,0.06436512619256973
to,0.455847829580307,0.2828785181045532,0.5436353087425232,0.2715383470058441,0.21503986418247223,0.23310686647891998,0.42745086550712585,0.36524343490600586,0.41327327489852905,0.06720756739377975,0.2619607746601105,0.44245919585227966,0.24407906830310822,0.48971283435821533,0.20161932706832886,0.29463258385658264,-0.009905828163027763
the,0.42745697498321533,0.3463578522205353,0.5473989248275757,0.34367692470550537,0.21922016143798828,0.1939574033021927,0.5823672413825989,0.457212895154953,0.4227895736694336,0.029072100296616554,0.26391419768333435,0.4933079481124878,0.23743100464344025,0.5171257257461548,0.24013365805149078,0.22068053483963013,0.041273195296525955
book,0.2872225046157837,0.17561651766300201,0.31481462717056274,0.194850891828537,0.16745153069496155,0.3241359293460846,0.21808475255966187,0.11692723631858826,0.18784543871879578,-0.031511686742305756,0.17142172157764435,0.23644568026065826,0.22311194241046906,0.28024056553840637,0.19598260521888733,0.20572158694267273,0.0007793467375449836
of,0.33290785551071167,0.30884552001953125,0.41498205065727234,0.3187655806541443,0.28458893299102783,0.274120032787323,0.4854315221309662,0.42558613419532776,0.2879956364631653,0.06780257821083069,0.3452084958553314,0.4946078956127167,0.2919469177722931,0.5116966962814331,0.2473689615726471,0.1826142966747284,0.13035868108272552
discipline,0.2522185742855072,0.22539839148521423,0.273926705121994,0.18550799787044525,0.21053937077522278,0.3661094307899475,0.13422119617462158,0.21682508289813995,0.06805791705846786,0.08929693698883057,0.20961618423461914,0.18374353647232056,0.2004825472831726,0.22925299406051636,0.2718822956085205,0.06836310029029846,0.03347654268145561
",",0.3087472915649414,0.3315127193927765,0.4137537479400635,0.3053959608078003,0.2960420250892639,0.23964712023735046,0.4691906273365021,0.38314947485923767,0.32163992524147034,0.09681109338998795,0.2713983952999115,1.0000001192092896,0.23518498241901398,0.6633074283599854,0.2146388739347458,0.31091248989105225,-0.037358131259679794
united,0.20036718249320984,0.8952266573905945,0.25567954778671265,1.0000001192092896,0.3283560872077942,0.17176271975040436,0.22408509254455566,0.2064037322998047,0.21530190110206604,0.0029474215116351843,0.1828385889530182,0.3053959608078003,0.2384873330593109,0.28213179111480713,0.1606282740831375,0.17266890406608582,-0.05345742404460907
methodist,0.17637217044830322,0.3077499568462372,0.18170638382434845,0.3283560872077942,1.0,0.48859643936157227,0.14683330059051514,0.20030651986598969,0.1990397423505783,0.03372980281710625,0.49647268652915955,0.2960420250892639,0.6271317005157471,0.2376793771982193,0.41018667817115784,0.1436992734670639,0.03345853462815285
theology,0.322174996137619,0.19449584186077118,0.24011117219924927,0.17176271975040436,0.48859643936157227,1.0000001192092896,0.16262532770633698,0.21463027596473694,0.07215437293052673,0.031040364876389503,0.5228066444396973,0.23964712023735046,0.5081013441085815,0.22933346033096313,0.4242316484451294,0.1560962051153183,-0.0035823769867420197
is,0.28837618231773376,0.21939043700695038,0.3995479643344879,0.22408509254455566,0.14683330059051514,0.16262532770633698,1.0,0.25906258821487427,0.3481405973434448,0.058766357600688934,0.19233417510986328,0.4691906273365021,0.1770225465297699,0.3859752118587494,0.13946837186813354,0.22961433231830597,0.0793738141655922
at,0.2838611304759979,0.19903600215911865,0.3183255195617676,0.2064037322998047,0.20030651986598969,0.21463027596473694,0.25906258821487427,1.0,0.27672383189201355,-0.07642947137355804,0.1730097085237503,0.38314947485923767,0.10569465160369873,0.3571503460407257,0.1003691777586937,0.21978627145290375,0.04379578307271004
once,0.38428619503974915,0.1958492249250412,0.4772558808326721,0.21530190110206604,0.1990397423505783,0.07215437293052673,0.3481405973434448,0.27672383189201355,1.0,0.03983129933476448,0.10744470357894897,0.32163992524147034,0.15648135542869568,0.31971874833106995,0.1274331659078598,0.17750471830368042,-0.054738935083150864
``,0.008517155423760414,0.029627995565533638,0.05285148695111275,0.0029474215116351843,0.03372980281710625,0.031040364876389503,0.058766357600688934,-0.07642947137355804,0.03983129933476448,1.0,0.11989553272724152,0.09681109338998795,0.024510283023118973,0.036644238978624344,0.03630306199193001,0.0685480609536171,-0.09173435717821121
catholic,0.1882777214050293,0.18949392437934875,0.2050773948431015,0.1828385889530182,0.49647268652915955,0.5228066444396973,0.19233417510986328,0.1730097085237503,0.10744470357894897,0.11989553272724152,1.0000001192092896,0.2713983952999115,0.47655946016311646,0.2147825062274933,0.3928107023239136,0.16609853506088257,0.025899190455675125
",",0.3087472915649414,0.3315127193927765,0.4137537479400635,0.3053959608078003,0.2960420250892639,0.23964712023735046,0.4691906273365021,0.38314947485923767,0.32163992524147034,0.09681109338998795,0.2713983952999115,1.0000001192092896,0.23518498241901398,0.6633074283599854,0.2146388739347458,0.31091248989105225,-0.037358131259679794
evangelical,0.20315878093242645,0.20974111557006836,0.18250377476215363,0.2384873330593109,0.6271317005157471,0.5081013441085815,0.1770225465297699,0.10569465160369873,0.15648135542869568,0.024510283023118973,0.47655946016311646,0.23518498241901398,1.0,0.18154942989349365,0.4239794611930847,0.16597984731197357,-0.03543643280863762
",",0.3087472915649414,0.3315127193927765,0.4137537479400635,0.3053959608078003,0.2960420250892639,0.23964712023735046,0.4691906273365021,0.38314947485923767,0.32163992524147034,0.09681109338998795,0.2713983952999115,1.0000001192092896,0.23518498241901398,0.6633074283599854,0.2146388739347458,0.31091248989105225,-0.037358131259679794
and,0.31309178471565247,0.2974761426448822,0.4731321930885315,0.28213179111480713,0.2376793771982193,0.22933346033096313,0.3859752118587494,0.3571503460407257,0.31971874833106995,0.036644238978624344,0.2147825062274933,0.6633074283599854,0.18154942989349365,1.0,0.297204852104187,0.20544172823429108,0.021612688899040222
reformed,0.19874340295791626,0.15351025760173798,0.20543436706066132,0.1606282740831375,0.41018667817115784,0.4242316484451294,0.13946837186813354,0.1003691777586937,0.1274331659078598,0.03630306199193001,0.3928107023239136,0.2146388739347458,0.4239794611930847,0.297204852104187,1.0,0.11769431829452515,-0.02668549120426178
.,0.3567904531955719,0.33941102027893066,0.4460422694683075,0.3406063914299011,0.30669423937797546,0.20223373174667358,0.4569662809371948,0.4549728035926819,0.32454150915145874,0.05720457062125206,0.270730584859848,0.6812511086463928,0.2526514530181885,0.588965117931366,0.28055551648139954,0.4130953550338745,-0.07181349396705627
'',0.08143015950918198,-0.06360612064599991,0.007880004122853279,-0.05345742404460907,0.03345853462815285,-0.0035823769867420197,0.0793738141655922,0.04379578307271004,-0.054738935083150864,-0.09173435717821121,0.025899190455675125,-0.037358131259679794,-0.03543643280863762,0.021612688899040222,-0.02668549120426178,0.018684765323996544,1.0
