,why,was,the,dutch,lawyer,who,moved,to,belgium,while,advising,a,client,in,a,social,society,case,told,he,could,n't,continue,?
for,0.3869043290615082,0.3863949179649353,0.4739971458911896,0.1401536464691162,0.21253685653209686,0.37110671401023865,0.24037009477615356,0.4451248347759247,0.207788348197937,0.4232339859008789,0.34616023302078247,0.44038116931915283,0.2184782177209854,0.4322226941585541,0.44038116931915283,0.2460131198167801,0.21769006550312042,0.30355575680732727,0.24704350531101227,0.4540175199508667,0.3405117690563202,-0.05512906610965729,0.2841116189956665,0.264628142118454
example,0.38324207067489624,0.16563157737255096,0.3755223751068115,0.12455317378044128,0.20728716254234314,0.27006375789642334,0.137048602104187,0.3451666533946991,0.13804669678211212,0.29871246218681335,0.1613578498363495,0.40234753489494324,0.15848088264465332,0.30483278632164,0.40234753489494324,0.22240042686462402,0.21221527457237244,0.4172644317150116,0.16831853985786438,0.1694410741329193,0.3105258345603943,-0.07179015874862671,0.19365651905536652,0.30374911427497864
",",0.2827242314815521,0.45456063747406006,0.4933079481124878,0.23674406111240387,0.2853246331214905,0.3365725874900818,0.30661246180534363,0.44245919585227966,0.23520174622535706,0.38232675194740295,0.24829937517642975,0.427140474319458,0.14864055812358856,0.5201468467712402,0.427140474319458,0.2674078345298767,0.20629194378852844,0.2977246046066284,0.2750641405582428,0.40251094102859497,0.27399855852127075,0.11016341298818588,0.3163892924785614,0.31091248989105225
in,0.23227278888225555,0.45514053106307983,0.6662389636039734,0.17559829354286194,0.2124365270137787,0.2792111933231354,0.3323737680912018,0.45010748505592346,0.2803505063056946,0.3399278521537781,0.19644007086753845,0.539380669593811,0.1503005474805832,1.0,0.539380669593811,0.23382627964019775,0.21229879558086395,0.2190418541431427,0.18950185179710388,0.41690486669540405,0.29357993602752686,-0.0012929976219311357,0.249076247215271,0.20430970191955566
van,0.1455809324979782,0.20371906459331512,0.13541297614574432,0.5013076663017273,0.1539960652589798,0.19967937469482422,0.08301052451133728,0.198682501912117,0.2972446382045746,0.12463843077421188,0.1396920531988144,0.17539796233177185,0.07664558291435242,0.19506873190402985,0.17539796233177185,0.0311379786580801,0.025013837963342667,0.11165543645620346,0.1576928049325943,0.1898173689842224,0.13545671105384827,0.11986285448074341,0.04718707874417305,0.15528257191181183
binsbergen,0.17181415855884552,0.2634892761707306,0.2126530408859253,0.346723735332489,0.23362798988819122,0.2648546099662781,0.15385746955871582,0.21831254661083221,0.3386128544807434,0.14934924244880676,0.2491787225008011,0.24602529406547546,0.07051084190607071,0.3043439984321594,0.24602529406547546,0.2162635773420334,0.16071981191635132,0.22688737511634827,0.19972273707389832,0.20206685364246368,0.197489932179451,0.19936040043830872,0.1489020586013794,0.20521309971809387
v,0.13882660865783691,0.16128918528556824,0.18580520153045654,0.06204941123723984,0.20063157379627228,0.06742344051599503,0.09450827538967133,0.2109750658273697,0.1854671686887741,0.0930400937795639,0.10593890398740768,0.21861357986927032,0.11108671128749847,0.15216681361198425,0.21861357986927032,0.10950707644224167,0.11053261905908585,0.2666381299495697,0.1088147833943367,0.12488074600696564,0.17897208034992218,-0.02970251627266407,0.1528645157814026,0.28677162528038025
bestuur,0.22895300388336182,0.2945745587348938,0.3277735710144043,0.26265987753868103,0.24419428408145905,0.2669321298599243,0.18343211710453033,0.19275079667568207,0.247703418135643,0.15740428864955902,0.2644372284412384,0.2467893660068512,0.25413307547569275,0.2999226450920105,0.2467893660068512,0.2603256106376648,0.23552650213241577,0.12710775434970856,0.2000550776720047,0.2804473042488098,0.18339557945728302,0.1821410059928894,0.1319398432970047,0.30664288997650146
van,0.1455809324979782,0.20371906459331512,0.13541297614574432,0.5013076663017273,0.1539960652589798,0.19967937469482422,0.08301052451133728,0.198682501912117,0.2972446382045746,0.12463843077421188,0.1396920531988144,0.17539796233177185,0.07664558291435242,0.19506873190402985,0.17539796233177185,0.0311379786580801,0.025013837963342667,0.11165543645620346,0.1576928049325943,0.1898173689842224,0.13545671105384827,0.11986285448074341,0.04718707874417305,0.15528257191181183
de,0.13332346081733704,0.20575080811977386,0.23491892218589783,0.2948541045188904,0.15824219584465027,0.18189555406570435,0.11986742913722992,0.15903331339359283,0.2819381654262543,0.13402992486953735,0.11682311445474625,0.19532008469104767,0.061756670475006104,0.24818959832191467,0.19532008469104767,0.18953214585781097,0.15240880846977234,0.07690953463315964,0.11246591061353683,0.21074703335762024,0.0708952471613884,0.16807064414024353,0.14203840494155884,0.11064168810844421
bedrijfvereniging,0.251520574092865,0.2921643853187561,0.24363431334495544,0.41818174719810486,0.25733432173728943,0.31667107343673706,0.14476171135902405,0.22294381260871887,0.4198300540447235,0.3073340654373169,0.3162270188331604,0.3163210153579712,0.2586556077003479,0.27790287137031555,0.3163210153579712,0.28217068314552307,0.22206763923168182,0.1913474053144455,0.24567560851573944,0.30060115456581116,0.21677571535110474,0.20137621462345123,0.18246062099933624,0.21754994988441467
voor,0.13937290012836456,0.20865850150585175,0.18284355103969574,0.4731582701206207,0.15371844172477722,0.20675325393676758,0.09204863756895065,0.15065377950668335,0.3713876008987427,0.09877899289131165,0.1893162876367569,0.19049403071403503,0.10671107470989227,0.2244786024093628,0.19049403071403503,0.2117955982685089,0.19231487810611725,0.053336821496486664,0.1804046779870987,0.23204560577869415,0.08366444706916809,0.17776432633399963,0.01815437711775303,0.11440077424049377
de,0.13332346081733704,0.20575080811977386,0.23491892218589783,0.2948541045188904,0.15824219584465027,0.18189555406570435,0.11986742913722992,0.15903331339359283,0.2819381654262543,0.13402992486953735,0.11682311445474625,0.19532008469104767,0.061756670475006104,0.24818959832191467,0.19532008469104767,0.18953214585781097,0.15240880846977234,0.07690953463315964,0.11246591061353683,0.21074703335762024,0.0708952471613884,0.16807064414024353,0.14203840494155884,0.11064168810844421
metaalnijverheid,0.22905601561069489,0.27564510703086853,0.3052131235599518,0.3897542655467987,0.23360368609428406,0.18834030628204346,0.17878250777721405,0.230998694896698,0.3757980167865753,0.17914608120918274,0.19389212131500244,0.3503481149673462,0.19240733981132507,0.30925488471984863,0.3503481149673462,0.24129636585712433,0.15935589373111725,0.2078290581703186,0.1487644910812378,0.2649947702884674,0.1726679503917694,0.23283107578754425,0.16911107301712036,0.29053518176078796
a,0.2667238116264343,0.4508470594882965,0.5829201340675354,0.1946597695350647,0.29755905270576477,0.36608949303627014,0.22416134178638458,0.45503583550453186,0.17649415135383606,0.3733035624027252,0.23609516024589539,1.0,0.2345588207244873,0.539380669593811,1.0,0.2286769598722458,0.22652459144592285,0.3104211390018463,0.18592841923236847,0.4393508732318878,0.3736826181411743,0.013574101030826569,0.21998350322246552,0.23916715383529663
dutch,0.10383101552724838,0.2182149887084961,0.1705695390701294,0.9999999403953552,0.16175270080566406,0.25214898586273193,0.08901067823171616,0.1383991241455078,0.4445931911468506,0.10054577142000198,0.1337791532278061,0.1946597695350647,0.1185917779803276,0.17559829354286194,0.1946597695350647,0.07040021568536758,0.08448561280965805,0.07627259194850922,0.1560990959405899,0.2025880664587021,0.1189623773097992,0.10985580086708069,0.09864163398742676,0.1081366017460823
lawyer,0.17252106964588165,0.2828832268714905,0.17304322123527527,0.16175270080566406,1.0,0.3792445957660675,0.17378737032413483,0.2520906627178192,0.11209332197904587,0.13608989119529724,0.30160123109817505,0.29755905270576477,0.3086688220500946,0.2124365270137787,0.29755905270576477,0.22856847941875458,0.1883162260055542,0.3204497992992401,0.23282991349697113,0.4172278642654419,0.16349074244499207,0.16189615428447723,0.11977124214172363,0.23041324317455292
moved,0.21598075330257416,0.3804442584514618,0.32031023502349854,0.08901067823171616,0.17378737032413483,0.17135502398014069,1.0000001192092896,0.2918468713760376,0.18700267374515533,0.27193185687065125,0.17047415673732758,0.22416134178638458,0.06589797884225845,0.3323737680912018,0.22416134178638458,0.14190295338630676,0.12746064364910126,0.14845886826515198,0.25474220514297485,0.2954341471195221,0.29606878757476807,0.016413576900959015,0.2638598382472992,0.15112607181072235
to,0.4100138247013092,0.3636345863342285,0.535392165184021,0.1383991241455078,0.2520906627178192,0.42656609416007996,0.2918468713760376,1.0,0.18273715674877167,0.43899232149124146,0.30646416544914246,0.45503583550453186,0.20786559581756592,0.45010748505592346,0.45503583550453186,0.19684761762619019,0.20199917256832123,0.3172709345817566,0.36673256754875183,0.385390967130661,0.5461788773536682,-0.14541994035243988,0.4441169500350952,0.29463258385658264
belgium,0.08592603355646133,0.21451419591903687,0.24047598242759705,0.4445931911468506,0.11209332197904587,0.09635444730520248,0.18700267374515533,0.18273715674877167,1.0,0.18370097875595093,0.15094460546970367,0.17649415135383606,0.09069307893514633,0.2803505063056946,0.17649415135383606,0.12143661826848984,0.08403779566287994,0.17539848387241364,0.12886454164981842,0.1978529691696167,0.15574325621128082,0.06644057482481003,0.12541355192661285,0.1067093089222908
while,0.3304853141307831,0.3253832161426544,0.39804592728614807,0.10054577142000198,0.13608989119529724,0.4068111777305603,0.27193185687065125,0.43899232149124146,0.18370097875595093,1.0,0.29589053988456726,0.3733035624027252,0.18116198480129242,0.3399278521537781,0.3733035624027252,0.19636285305023193,0.11741195619106293,0.2690838575363159,0.2933177947998047,0.3526706397533417,0.30216607451438904,-0.11986064165830612,0.4169272184371948,0.21076419949531555
advising,0.2608281075954437,0.2566259801387787,0.2601720094680786,0.1337791532278061,0.30160123109817505,0.37064555287361145,0.17047415673732758,0.30646416544914246,0.15094460546970367,0.29589053988456726,1.0,0.23609516024589539,0.24047477543354034,0.19644007086753845,0.23609516024589539,0.3436574637889862,0.2513071298599243,0.1923583745956421,0.3095402121543884,0.34228578209877014,0.30257341265678406,-0.014380176551640034,0.34449416399002075,0.18198339641094208
a,0.2667238116264343,0.4508470594882965,0.5829201340675354,0.1946597695350647,0.29755905270576477,0.36608949303627014,0.22416134178638458,0.45503583550453186,0.17649415135383606,0.3733035624027252,0.23609516024589539,1.0,0.2345588207244873,0.539380669593811,1.0,0.2286769598722458,0.22652459144592285,0.3104211390018463,0.18592841923236847,0.4393508732318878,0.3736826181411743,0.013574101030826569,0.21998350322246552,0.23916715383529663
client,0.1463465839624405,0.166180819272995,0.22438184916973114,0.1185917779803276,0.3086688220500946,0.2563980221748352,0.06589797884225845,0.20786559581756592,0.09069307893514633,0.18116198480129242,0.24047477543354034,0.2345588207244873,0.9999999403953552,0.1503005474805832,0.2345588207244873,0.21567122638225555,0.13487878441810608,0.209635391831398,0.12530101835727692,0.1683371514081955,0.1948956996202469,0.03476141765713692,0.1660122126340866,0.20958182215690613
in,0.23227278888225555,0.45514053106307983,0.6662389636039734,0.17559829354286194,0.2124365270137787,0.2792111933231354,0.3323737680912018,0.45010748505592346,0.2803505063056946,0.3399278521537781,0.19644007086753845,0.539380669593811,0.1503005474805832,1.0,0.539380669593811,0.23382627964019775,0.21229879558086395,0.2190418541431427,0.18950185179710388,0.41690486669540405,0.29357993602752686,-0.0012929976219311357,0.249076247215271,0.20430970191955566
a,0.2667238116264343,0.4508470594882965,0.5829201340675354,0.1946597695350647,0.29755905270576477,0.36608949303627014,0.22416134178638458,0.45503583550453186,0.17649415135383606,0.3733035624027252,0.23609516024589539,1.0,0.2345588207244873,0.539380669593811,1.0,0.2286769598722458,0.22652459144592285,0.3104211390018463,0.18592841923236847,0.4393508732318878,0.3736826181411743,0.013574101030826569,0.21998350322246552,0.23916715383529663
social,0.20344845950603485,0.196878582239151,0.21797899901866913,0.07040021568536758,0.22856847941875458,0.26409217715263367,0.14190295338630676,0.19684761762619019,0.12143661826848984,0.19636285305023193,0.3436574637889862,0.2286769598722458,0.21567122638225555,0.23382627964019775,0.2286769598722458,1.0,0.4514988660812378,0.16148631274700165,0.14043503999710083,0.2222367823123932,0.1848159283399582,0.11455043405294418,0.17541837692260742,0.1615191102027893
security,0.17236489057540894,0.17761321365833282,0.2683938145637512,0.1581713706254959,0.2363710105419159,0.17349235713481903,0.11277930438518524,0.2774781584739685,0.19739359617233276,0.2317737191915512,0.3632143437862396,0.19867505133152008,0.39104175567626953,0.18173593282699585,0.19867505133152008,0.3326749801635742,0.18126575648784637,0.26911869645118713,0.18590639531612396,0.17746908962726593,0.19729575514793396,0.04834509268403053,0.23103788495063782,0.13810279965400696
case,0.31864359974861145,0.18986068665981293,0.31022098660469055,0.07627259194850922,0.3204497992992401,0.2483663111925125,0.14845886826515198,0.3172709345817566,0.17539848387241364,0.2690838575363159,0.1923583745956421,0.3104211390018463,0.209635391831398,0.2190418541431427,0.3104211390018463,0.16148631274700165,0.09881655126810074,1.0000001192092896,0.19047726690769196,0.16707688570022583,0.3340812623500824,-0.07545875757932663,0.17376498878002167,0.33232852816581726
",",0.2827242314815521,0.45456063747406006,0.4933079481124878,0.23674406111240387,0.2853246331214905,0.3365725874900818,0.30661246180534363,0.44245919585227966,0.23520174622535706,0.38232675194740295,0.24829937517642975,0.427140474319458,0.14864055812358856,0.5201468467712402,0.427140474319458,0.2674078345298767,0.20629194378852844,0.2977246046066284,0.2750641405582428,0.40251094102859497,0.27399855852127075,0.11016341298818588,0.3163892924785614,0.31091248989105225
and,0.27806392312049866,0.3740963041782379,0.5171257257461548,0.26873692870140076,0.19757121801376343,0.41279885172843933,0.2855120301246643,0.48971283435821533,0.2641420364379883,0.45699796080589294,0.3137827515602112,0.3739250600337982,0.17728079855442047,0.4954058527946472,0.3739250600337982,0.38231831789016724,0.24110737442970276,0.2394348531961441,0.27008020877838135,0.45427167415618896,0.3385082483291626,-0.0602874718606472,0.3147966265678406,0.20544172823429108
was,0.23341619968414307,1.0000001192092896,0.48711544275283813,0.2182149887084961,0.2828832268714905,0.3318818509578705,0.3804442584514618,0.3636345863342285,0.21451419591903687,0.3253832161426544,0.2566259801387787,0.4508470594882965,0.166180819272995,0.45514053106307983,0.4508470594882965,0.196878582239151,0.21627455949783325,0.18986068665981293,0.33179396390914917,0.5410010814666748,0.39896807074546814,0.06924254447221756,0.19536785781383514,0.18412111699581146
told,0.3500688374042511,0.33179396390914917,0.25361230969429016,0.1560990959405899,0.23282991349697113,0.42740562558174133,0.25474220514297485,0.36673256754875183,0.12886454164981842,0.2933177947998047,0.3095402121543884,0.18592841923236847,0.12530101835727692,0.18950185179710388,0.18592841923236847,0.14043503999710083,0.13943970203399658,0.19047726690769196,1.0,0.3739995062351227,0.40573588013648987,0.03278598189353943,0.3069758117198944,0.28178566694259644
he,0.26086166501045227,0.5410010814666748,0.4571082592010498,0.2025880664587021,0.4172278642654419,0.5500732064247131,0.2954341471195221,0.385390967130661,0.1978529691696167,0.3526706397533417,0.34228578209877014,0.4393508732318878,0.1683371514081955,0.41690486669540405,0.4393508732318878,0.2222367823123932,0.2447524517774582,0.16707688570022583,0.3739995062351227,1.0000001192092896,0.2828438878059387,0.06199106201529503,0.24520494043827057,0.2089974731206894
could,0.446071982383728,0.39896807074546814,0.35393214225769043,0.1189623773097992,0.16349074244499207,0.33540013432502747,0.29606878757476807,0.5461788773536682,0.15574325621128082,0.30216607451438904,0.30257341265678406,0.3736826181411743,0.1948956996202469,0.29357993602752686,0.3736826181411743,0.1848159283399582,0.18804723024368286,0.3340812623500824,0.40573588013648987,0.2828438878059387,0.9999998807907104,-0.15486787259578705,0.3256681561470032,0.3411986827850342
not,0.5504072904586792,0.2888734042644501,0.4310511648654938,0.17166748642921448,0.2313235104084015,0.369414746761322,0.1703801304101944,0.5149973034858704,0.1571064442396164,0.4146956503391266,0.2752644717693329,0.3791346549987793,0.18795622885227203,0.3403114080429077,0.3791346549987793,0.19088992476463318,0.17279937863349915,0.3788454234600067,0.3256034553050995,0.29440581798553467,0.5930190086364746,-0.11552248895168304,0.41700583696365356,0.41942933201789856
continue,0.27529269456863403,0.19536785781383514,0.28966447710990906,0.09864163398742676,0.11977124214172363,0.1937696784734726,0.2638598382472992,0.4441169500350952,0.12541355192661285,0.4169272184371948,0.34449416399002075,0.21998350322246552,0.1660122126340866,0.249076247215271,0.21998350322246552,0.17541837692260742,0.22690410912036896,0.17376498878002167,0.3069758117198944,0.24520494043827057,0.3256681561470032,-0.06555696576833725,0.9999999403953552,0.23903685808181763
because,0.5926418900489807,0.3841400742530823,0.44596394896507263,0.2007678598165512,0.13293997943401337,0.4398062229156494,0.23677410185337067,0.5166091918945312,0.15608881413936615,0.47423073649406433,0.2400902509689331,0.42230045795440674,0.1345217227935791,0.37423941493034363,0.42230045795440674,0.24107499420642853,0.24476538598537445,0.35077354311943054,0.3799823522567749,0.3656739592552185,0.49009889364242554,-0.1617082953453064,0.347260057926178,0.2528740465641022
dutch,0.10383101552724838,0.2182149887084961,0.1705695390701294,0.9999999403953552,0.16175270080566406,0.25214898586273193,0.08901067823171616,0.1383991241455078,0.4445931911468506,0.10054577142000198,0.1337791532278061,0.1946597695350647,0.1185917779803276,0.17559829354286194,0.1946597695350647,0.07040021568536758,0.08448561280965805,0.07627259194850922,0.1560990959405899,0.2025880664587021,0.1189623773097992,0.10985580086708069,0.09864163398742676,0.1081366017460823
law,0.18942931294441223,0.21553055942058563,0.24548950791358948,0.10086816549301147,0.39192479848861694,0.21111567318439484,0.164316788315773,0.259207159280777,0.10313069075345993,0.2214563637971878,0.18298572301864624,0.2212858349084854,0.16658973693847656,0.24850773811340332,0.2212858349084854,0.2401062548160553,0.20615363121032715,0.3231390416622162,0.12201350182294846,0.24450446665287018,0.21221469342708588,-0.003501412458717823,0.13022837042808533,0.1528988480567932
said,0.395480215549469,0.43711766600608826,0.3024602234363556,0.15571700036525726,0.25704801082611084,0.391315758228302,0.18536850810050964,0.34274402260780334,0.14341798424720764,0.36980515718460083,0.3211490213871002,0.31069710850715637,0.12320143729448318,0.23461468517780304,0.31069710850715637,0.2202378362417221,0.18242183327674866,0.2618368864059448,0.6473603248596191,0.3578285872936249,0.4196510910987854,0.02762698009610176,0.32977136969566345,0.28991883993148804
only,0.43416354060173035,0.36249664425849915,0.5497692227363586,0.10757898539304733,0.1587790548801422,0.4202229380607605,0.20519593358039856,0.5096819996833801,0.1835911124944687,0.4882389008998871,0.20512492954730988,0.47549712657928467,0.2057189792394638,0.42992329597473145,0.47549712657928467,0.19334439933300018,0.2124868929386139,0.3307521343231201,0.22898536920547485,0.31580641865730286,0.4374507963657379,-0.1485416442155838,0.34188857674598694,0.2767370045185089
people,0.2737221121788025,0.2518421411514282,0.36838498711586,0.09508020430803299,0.24508042633533478,0.3933800458908081,0.1798929125070572,0.37275731563568115,0.13575561344623566,0.25970518589019775,0.16362561285495758,0.3483705520629883,0.14095599949359894,0.39605680108070374,0.3483705520629883,0.2459716647863388,0.2741854190826416,0.1554080694913864,0.21605218946933746,0.324719101190567,0.28952425718307495,0.024197889491915703,0.21280339360237122,0.23739641904830933
established,0.08588067442178726,0.26515325903892517,0.33092597126960754,0.18382254242897034,0.1129746362566948,0.20118318498134613,0.28663909435272217,0.15850777924060822,0.11749644577503204,0.1268330067396164,0.2550187110900879,0.23500119149684906,0.11918584257364273,0.3118882477283478,0.23500119149684906,0.21352967619895935,0.21369166672229767,0.10795339941978455,0.11520973592996597,0.2166268527507782,0.12967103719711304,0.03767590597271919,0.18000368773937225,0.15917523205280304
in,0.23227278888225555,0.45514053106307983,0.6662389636039734,0.17559829354286194,0.2124365270137787,0.2792111933231354,0.3323737680912018,0.45010748505592346,0.2803505063056946,0.3399278521537781,0.19644007086753845,0.539380669593811,0.1503005474805832,1.0,0.539380669593811,0.23382627964019775,0.21229879558086395,0.2190418541431427,0.18950185179710388,0.41690486669540405,0.29357993602752686,-0.0012929976219311357,0.249076247215271,0.20430970191955566
the,0.30742117762565613,0.48711544275283813,1.0,0.1705695390701294,0.17304322123527527,0.3733934462070465,0.32031023502349854,0.535392165184021,0.24047598242759705,0.39804592728614807,0.2601720094680786,0.5829201340675354,0.22438184916973114,0.6662389636039734,0.5829201340675354,0.21797899901866913,0.2789285480976105,0.31022098660469055,0.25361230969429016,0.4571082592010498,0.35393214225769043,-0.11449059844017029,0.28966447710990906,0.22068053483963013
netherlands,0.1297016739845276,0.2328115999698639,0.2279868870973587,0.6723145842552185,0.09331805258989334,0.17750196158885956,0.15509063005447388,0.18099384009838104,0.6624670624732971,0.19129545986652374,0.13854745030403137,0.22332750260829926,0.09255540370941162,0.28237903118133545,0.22332750260829926,0.09958343952894211,0.09866808354854584,0.17546753585338593,0.1163700744509697,0.20538878440856934,0.13205333054065704,0.08015793561935425,0.08763158321380615,0.09310898929834366
could,0.446071982383728,0.39896807074546814,0.35393214225769043,0.1189623773097992,0.16349074244499207,0.33540013432502747,0.29606878757476807,0.5461788773536682,0.15574325621128082,0.30216607451438904,0.30257341265678406,0.3736826181411743,0.1948956996202469,0.29357993602752686,0.3736826181411743,0.1848159283399582,0.18804723024368286,0.3340812623500824,0.40573588013648987,0.2828438878059387,0.9999998807907104,-0.15486787259578705,0.3256681561470032,0.3411986827850342
give,0.3891785144805908,0.16511452198028564,0.29086416959762573,0.08948730677366257,0.22415068745613098,0.28740519285202026,0.13270388543605804,0.4396136403083801,0.032964687794446945,0.27398282289505005,0.2714479863643646,0.3436131179332733,0.19648751616477966,0.20895415544509888,0.3436131179332733,0.1427249312400818,0.13193733990192413,0.3104078471660614,0.2949143350124359,0.18745993077754974,0.3817189633846283,-0.09109260886907578,0.31615951657295227,0.2985610067844391
legal,0.1755281686782837,0.21931737661361694,0.25629305839538574,0.16465330123901367,0.3996809124946594,0.28385603427886963,0.13505986332893372,0.2818027436733246,0.16025026142597198,0.2181856483221054,0.27478110790252686,0.24255292117595673,0.3137698769569397,0.256083607673645,0.24255292117595673,0.3256874084472656,0.26118093729019165,0.3748490512371063,0.1467640995979309,0.2296919822692871,0.25446227192878723,0.011674793437123299,0.18318787217140198,0.2143220454454422
advice,0.22227761149406433,0.19147352874279022,0.20341236889362335,0.12074807286262512,0.26695695519447327,0.3229794502258301,0.13353635370731354,0.29231828451156616,0.09327521175146103,0.2732542157173157,0.5623410940170288,0.19756147265434265,0.257496178150177,0.10283523052930832,0.19756147265434265,0.2392580360174179,0.1848413646221161,0.21730495989322662,0.3225097358226776,0.2534872591495514,0.24664713442325592,0.0480133518576622,0.2837277054786682,0.17199933528900146
.,0.32909876108169556,0.40146201848983765,0.5934505462646484,0.2196396291255951,0.23699504137039185,0.3541337847709656,0.3228634297847748,0.4645031690597534,0.23652605712413788,0.38690751791000366,0.2323271483182907,0.50484299659729,0.23342491686344147,0.5591574311256409,0.50484299659729,0.2614770531654358,0.18022798001766205,0.32712292671203613,0.3040298521518707,0.38061028718948364,0.3200591504573822,0.01884327083826065,0.2855175733566284,0.4130953550338745
