,what,is,the,longest,river,in,germany,?
the,0.42745697498321533,0.5823672413825989,1.0,0.36807993054389954,0.2894456386566162,0.6662389636039734,0.3181285262107849,0.22068053483963013
rhine,0.16475653648376465,0.15617261826992035,0.30735138058662415,0.19583860039710999,0.3672541379928589,0.24648422002792358,0.5801170468330383,0.13754533231258392
is,0.28837618231773376,1.0,0.5823672413825989,0.28321096301078796,0.20670881867408752,0.5394441485404968,0.2201172411441803,0.22961433231830597
the,0.42745697498321533,0.5823672413825989,1.0,0.36807993054389954,0.2894456386566162,0.6662389636039734,0.3181285262107849,0.22068053483963013
longest,0.13152959942817688,0.28321096301078796,0.36807993054389954,0.9999999403953552,0.3063613474369049,0.3027363419532776,0.16953496634960175,0.1404971331357956
river,0.13815869390964508,0.20670881867408752,0.2894456386566162,0.3063613474369049,0.9999999403953552,0.2149806171655655,0.13062797486782074,0.15390869975090027
in,0.30808621644973755,0.5394441485404968,0.6662389636039734,0.3027363419532776,0.2149806171655655,1.0,0.3642844259738922,0.20430970191955566
germany,0.21690446138381958,0.2201172411441803,0.3181285262107849,0.16953496634960175,0.13062797486782074,0.3642844259738922,1.0,0.1388660967350006
.,0.3567904531955719,0.4569662809371948,0.5934505462646484,0.2187548726797104,0.21443960070610046,0.5591574311256409,0.28498756885528564,0.4130953550338745
