,when,did,the,umc,'s,general,board,of,church,and,society,call,on,all,united,methodists,to,abstain,from,alcohol,for,lent,?
moreover,0.26680874824523926,0.2410770058631897,0.33288028836250305,0.22079496085643768,0.016748646274209023,0.12961600720882416,0.16245298087596893,0.28200021386146545,0.13487273454666138,0.36561357975006104,0.16088655591011047,0.11338949203491211,0.2612682282924652,0.342774361371994,0.09982996433973312,0.1564551740884781,0.3006484806537628,0.2801433503627777,0.2248307764530182,0.18357042968273163,0.27517619729042053,0.15561270713806152,0.25369012355804443
",",0.36674630641937256,0.3015086054801941,0.4933079481124878,0.1953766793012619,-0.0016132977325469255,0.3022127151489258,0.25734269618988037,0.4946078956127167,0.2707274258136749,0.6633074283599854,0.20629194378852844,0.2670435905456543,0.49057599902153015,0.425624817609787,0.3053959608078003,0.2727557420730591,0.44245919585227966,0.36228567361831665,0.39760664105415344,0.1691807061433792,0.4464869201183319,0.3103789985179901,0.31091248989105225
in,0.4431333839893341,0.2593238651752472,0.6662389636039734,0.15436193346977234,-0.037580832839012146,0.259066641330719,0.19342480599880219,0.5696388483047485,0.2493300437927246,0.4954058527946472,0.21229879558086395,0.2520289719104767,0.46853652596473694,0.3335905969142914,0.3938477039337158,0.24642148613929749,0.45010748505592346,0.22208227217197418,0.4274188280105591,0.22706511616706848,0.4322226941585541,0.2781870663166046,0.20430970191955566
2011,0.07140792906284332,-0.03760814294219017,0.07811610400676727,0.06525026261806488,-0.07039705663919449,0.023395387455821037,0.060576919466257095,0.09709474444389343,0.006478783208876848,0.0998905599117279,0.02210642211139202,0.09996180981397629,0.08962488919496536,0.08477666974067688,0.05706140771508217,0.04131624475121498,0.03410811722278595,0.08171527832746506,0.035411104559898376,0.18171851336956024,0.10438573360443115,-0.09143118560314178,0.005212190095335245
and,0.4716290831565857,0.34479495882987976,0.5171257257461548,0.21982228755950928,0.06895173341035843,0.25860127806663513,0.24616685509681702,0.5116966962814331,0.1976170688867569,1.0,0.24110737442970276,0.237839937210083,0.4077630043029785,0.4542157053947449,0.28213179111480713,0.24762584269046783,0.48971283435821533,0.28949645161628723,0.3601827025413513,0.22778749465942383,0.5064792633056641,0.24293620884418488,0.20544172823429108
2012,0.30712300539016724,0.16113266348838806,0.46885523200035095,0.17916148900985718,-0.022972648963332176,0.2106638252735138,0.18744200468063354,0.4422316551208496,0.18944905698299408,0.38536936044692993,0.13052934408187866,0.2037622332572937,0.24696305394172668,0.2778983414173126,0.21775682270526886,0.20235738158226013,0.32762008905410767,0.06500143557786942,0.25667062401771545,0.13691386580467224,0.22560004889965057,0.18963757157325745,0.18042556941509247
",",0.36674630641937256,0.3015086054801941,0.4933079481124878,0.1953766793012619,-0.0016132977325469255,0.3022127151489258,0.25734269618988037,0.4946078956127167,0.2707274258136749,0.6633074283599854,0.20629194378852844,0.2670435905456543,0.49057599902153015,0.425624817609787,0.3053959608078003,0.2727557420730591,0.44245919585227966,0.36228567361831665,0.39760664105415344,0.1691807061433792,0.4464869201183319,0.3103789985179901,0.31091248989105225
the,0.5091903209686279,0.34736719727516174,1.0,0.21262750029563904,-0.01540423184633255,0.28634732961654663,0.2871673107147217,0.733189046382904,0.23846197128295898,0.5171257257461548,0.2789285480976105,0.26640447974205017,0.5107308030128479,0.4860881567001343,0.34367692470550537,0.25832629203796387,0.535392165184021,0.16985012590885162,0.40150508284568787,0.22147142887115479,0.4739971458911896,0.28438815474510193,0.22068053483963013
united,0.2490900456905365,0.21137088537216187,0.34367692470550537,0.1928277611732483,-0.03853745758533478,0.2596476078033447,0.18866221606731415,0.3187655806541443,0.19284281134605408,0.28213179111480713,0.23282189667224884,0.11909500509500504,0.2703288793563843,0.20563383400440216,1.0000001192092896,0.3031267821788788,0.2715383470058441,0.1699724942445755,0.27339106798171997,0.20968736708164215,0.30487096309661865,0.11238011717796326,0.17266890406608582
methodist,0.16788707673549652,0.21641705930233002,0.21922016143798828,0.2650960683822632,-0.030392127111554146,0.13368430733680725,0.1447218507528305,0.28458893299102783,0.6119816899299622,0.2376793771982193,0.18524278700351715,0.18198813498020172,0.19416043162345886,0.15815405547618866,0.3283560872077942,0.9008142352104187,0.21503986418247223,0.2935520112514496,0.2162594348192215,0.24990259110927582,0.1716444343328476,0.21239858865737915,0.1436992734670639
church,0.20053261518478394,0.16781097650527954,0.23846197128295898,0.20494024455547333,0.023664841428399086,0.17155873775482178,0.1316540390253067,0.3079429268836975,0.9999999403953552,0.1976170688867569,0.234016552567482,0.14745277166366577,0.1726921796798706,0.175497367978096,0.19284281134605408,0.5860596895217896,0.24439501762390137,0.27929922938346863,0.1894836276769638,0.2091454267501831,0.15542230010032654,0.25783196091651917,0.18081501126289368
's,-0.03368149697780609,0.05069678649306297,-0.01540423184633255,-0.057754456996917725,0.9999999403953552,-0.0757286474108696,-0.025999367237091064,-0.03817026689648628,0.023664841428399086,0.06895173341035843,-0.027537118643522263,-0.021786727011203766,0.0026888418942689896,0.03181743621826172,-0.03853745758533478,0.005206766072660685,0.03782717138528824,0.03139914199709892,-0.01936490088701248,-0.07598280161619186,-0.07241261005401611,0.12386477738618851,-0.023395681753754616
general,0.20438088476657867,0.19499315321445465,0.28634732961654663,0.14920271933078766,-0.0757286474108696,1.0000001192092896,0.1445818543434143,0.28352999687194824,0.17155873775482178,0.25860127806663513,0.12220939248800278,-0.003686151932924986,0.18019753694534302,0.24806559085845947,0.2596476078033447,0.11092935502529144,0.24755197763442993,0.18557971715927124,0.1645994782447815,0.14287742972373962,0.23497237265110016,0.15167468786239624,0.1972234547138214
board,0.2081456184387207,0.12808117270469666,0.2871673107147217,0.11159598082304001,-0.025999367237091064,0.1445818543434143,1.0000001192092896,0.23488809168338776,0.1316540390253067,0.24616685509681702,0.25911304354667664,0.11638376116752625,0.31186380982398987,0.3248329758644104,0.18866221606731415,0.1501021832227707,0.20624859631061554,0.1443960815668106,0.17346777021884918,0.10455472022294998,0.207724466919899,0.09850391745567322,0.1261475533246994
of,0.3757161796092987,0.2513895630836487,0.733189046382904,0.18128293752670288,-0.03817026689648628,0.28352999687194824,0.23488809168338776,1.0,0.3079429268836975,0.5116966962814331,0.23646748065948486,0.2378445267677307,0.3966929316520691,0.42798417806625366,0.3187655806541443,0.3035426437854767,0.41548454761505127,0.1554262787103653,0.4249346852302551,0.22975631058216095,0.4185989499092102,0.2766977548599243,0.1826142966747284
church,0.20053261518478394,0.16781097650527954,0.23846197128295898,0.20494024455547333,0.023664841428399086,0.17155873775482178,0.1316540390253067,0.3079429268836975,0.9999999403953552,0.1976170688867569,0.234016552567482,0.14745277166366577,0.1726921796798706,0.175497367978096,0.19284281134605408,0.5860596895217896,0.24439501762390137,0.27929922938346863,0.1894836276769638,0.2091454267501831,0.15542230010032654,0.25783196091651917,0.18081501126289368
and,0.4716290831565857,0.34479495882987976,0.5171257257461548,0.21982228755950928,0.06895173341035843,0.25860127806663513,0.24616685509681702,0.5116966962814331,0.1976170688867569,1.0,0.24110737442970276,0.237839937210083,0.4077630043029785,0.4542157053947449,0.28213179111480713,0.24762584269046783,0.48971283435821533,0.28949645161628723,0.3601827025413513,0.22778749465942383,0.5064792633056641,0.24293620884418488,0.20544172823429108
society,0.17042754590511322,0.18197309970855713,0.2789285480976105,0.15534190833568573,-0.027537118643522263,0.12220939248800278,0.25911304354667664,0.23646748065948486,0.234016552567482,0.24110737442970276,0.9999998807907104,0.20215368270874023,0.15271499752998352,0.2045668363571167,0.23282189667224884,0.25837600231170654,0.20199917256832123,0.11788646131753922,0.18421071767807007,0.15302781760692596,0.21769006550312042,0.17495377361774445,0.1373005360364914
called,0.39188069105148315,0.277748167514801,0.489897221326828,0.22966033220291138,-0.021773243322968483,0.07864619791507721,0.11636144667863846,0.4222904443740845,0.20342940092086792,0.3251761794090271,0.17855575680732727,0.4729457497596741,0.25462663173675537,0.2586316168308258,0.20738625526428223,0.26121893525123596,0.2987143397331238,0.11451634764671326,0.2703215777873993,0.20980699360370636,0.29870352149009705,0.3068163990974426,0.18963319063186646
on,0.37706470489501953,0.2670976221561432,0.5107308030128479,0.1817861646413803,0.0026888418942689896,0.18019753694534302,0.31186380982398987,0.3966929316520691,0.1726921796798706,0.4077630043029785,0.15271499752998352,0.14074347913265228,0.9999999403953552,0.3832052946090698,0.2703288793563843,0.17854467034339905,0.41031414270401,0.23715053498744965,0.36926645040512085,0.13676191866397858,0.36199691891670227,0.20918449759483337,0.2714994251728058
all,0.35107192397117615,0.33943864703178406,0.4860881567001343,0.1810837835073471,0.03181743621826172,0.24806559085845947,0.3248329758644104,0.42798417806625366,0.175497367978096,0.4542157053947449,0.2045668363571167,0.27686041593551636,0.3832052946090698,1.0000001192092896,0.20563383400440216,0.25643035769462585,0.42520734667778015,0.28405362367630005,0.2866387963294983,0.18882353603839874,0.41144001483917236,0.22505885362625122,0.29575422406196594
united,0.2490900456905365,0.21137088537216187,0.34367692470550537,0.1928277611732483,-0.03853745758533478,0.2596476078033447,0.18866221606731415,0.3187655806541443,0.19284281134605408,0.28213179111480713,0.23282189667224884,0.11909500509500504,0.2703288793563843,0.20563383400440216,1.0000001192092896,0.3031267821788788,0.2715383470058441,0.1699724942445755,0.27339106798171997,0.20968736708164215,0.30487096309661865,0.11238011717796326,0.17266890406608582
methodists,0.18112710118293762,0.2833806574344635,0.25832629203796387,0.2926216125488281,0.005206766072660685,0.11092935502529144,0.1501021832227707,0.3035426437854767,0.5860596895217896,0.24762584269046783,0.25837600231170654,0.2676449716091156,0.17854467034339905,0.25643035769462585,0.3031267821788788,1.0,0.27666956186294556,0.2951338291168213,0.21399511396884918,0.3016018569469452,0.20424288511276245,0.2653452455997467,0.1608453392982483
to,0.5423505902290344,0.4452643394470215,0.535392165184021,0.23076260089874268,0.03782717138528824,0.24755197763442993,0.20624859631061554,0.41548454761505127,0.24439501762390137,0.48971283435821533,0.20199917256832123,0.27641981840133667,0.41031414270401,0.42520734667778015,0.2715383470058441,0.27666956186294556,1.0,0.3490791618824005,0.4069952368736267,0.26212915778160095,0.4451248347759247,0.20854751765727997,0.29463258385658264
abstain,0.20006419718265533,0.28817087411880493,0.16985012590885162,0.259543240070343,0.03139914199709892,0.18557971715927124,0.1443960815668106,0.1554262787103653,0.27929922938346863,0.28949645161628723,0.11788646131753922,0.21766093373298645,0.23715053498744965,0.28405362367630005,0.1699724942445755,0.2951338291168213,0.3490791618824005,1.0,0.15573760867118835,0.368164598941803,0.31381306052207947,0.2517458498477936,0.3955206274986267
from,0.405669629573822,0.20248863101005554,0.40150508284568787,0.07631135731935501,-0.01936490088701248,0.1645994782447815,0.17346777021884918,0.4249346852302551,0.1894836276769638,0.3601827025413513,0.18421071767807007,0.20354944467544556,0.36926645040512085,0.2866387963294983,0.27339106798171997,0.21399511396884918,0.4069952368736267,0.15573760867118835,1.0,0.20539508759975433,0.314039945602417,0.24308811128139496,0.19969791173934937
alcohol,0.25236910581588745,0.22730612754821777,0.22147142887115479,0.18624944984912872,-0.07598280161619186,0.14287742972373962,0.10455472022294998,0.22975631058216095,0.2091454267501831,0.22778749465942383,0.15302781760692596,0.15413326025009155,0.13676191866397858,0.18882353603839874,0.20968736708164215,0.3016018569469452,0.26212915778160095,0.368164598941803,0.20539508759975433,1.0,0.20439019799232483,0.2475288212299347,0.14563840627670288
for,0.43402108550071716,0.318512886762619,0.4739971458911896,0.20637543499469757,-0.07241261005401611,0.23497237265110016,0.207724466919899,0.4185989499092102,0.15542230010032654,0.5064792633056641,0.21769006550312042,0.272861123085022,0.36199691891670227,0.41144001483917236,0.30487096309661865,0.20424288511276245,0.4451248347759247,0.31381306052207947,0.314039945602417,0.20439019799232483,0.9999999403953552,0.23968617618083954,0.264628142118454
lent,0.24866116046905518,0.18714214861392975,0.28438815474510193,0.18818727135658264,0.12386477738618851,0.15167468786239624,0.09850391745567322,0.2766977548599243,0.25783196091651917,0.24293620884418488,0.17495377361774445,0.20342423021793365,0.20918449759483337,0.22505885362625122,0.11238011717796326,0.2653452455997467,0.20854751765727997,0.2517458498477936,0.24308811128139496,0.2475288212299347,0.23968617618083954,0.9999998807907104,0.1618482917547226
.,0.475719153881073,0.35288307070732117,0.5934505462646484,0.23154163360595703,-0.003708066651597619,0.2929490804672241,0.2503213584423065,0.5352458953857422,0.28898224234580994,0.588965117931366,0.18022798001766205,0.2601918876171112,0.49257001280784607,0.43406882882118225,0.3406063914299011,0.2883146405220032,0.4645031690597534,0.33679133653640747,0.41536515951156616,0.25397148728370667,0.4726039469242096,0.24337172508239746,0.4130953550338745
