,what,is,that,grace,of,god,which,sustains,the,believers,in,the,journey,towards,christian,perfection,?
sanctifying,0.36257094144821167,0.23813189566135406,0.3461662828922272,0.23619137704372406,0.3152742385864258,0.3356681764125824,0.3708566427230835,0.31552183628082275,0.3304329514503479,0.37094593048095703,0.175883948802948,0.3304329514503479,0.1977553814649582,0.21938839554786682,0.2143878936767578,0.30810463428497314,0.29888850450515747
grace,0.16722138226032257,0.17061445116996765,0.23538954555988312,1.0,0.2101200968027115,0.3407481610774994,0.17363443970680237,0.1293426901102066,0.20940588414669037,0.32097697257995605,0.16484299302101135,0.20940588414669037,0.1909237802028656,0.15689848363399506,0.26604607701301575,0.2952154576778412,0.16775278747081757
is,0.28837618231773376,1.0,0.3995479643344879,0.17061445116996765,0.4854315221309662,0.2211674600839615,0.4457404911518097,0.217471644282341,0.5823672413825989,0.25462213158607483,0.5394441485404968,0.5823672413825989,0.18803170323371887,0.22460906207561493,0.1473853588104248,0.26475611329078674,0.22961433231830597
that,0.6297725439071655,0.3995479643344879,1.0,0.23538954555988312,0.41498205065727234,0.30817699432373047,0.6894589066505432,0.279894083738327,0.5473989248275757,0.41729220747947693,0.435920387506485,0.5473989248275757,0.20152127742767334,0.28294092416763306,0.18580004572868347,0.30975186824798584,0.32716336846351624
grace,0.16722138226032257,0.17061445116996765,0.23538954555988312,1.0,0.2101200968027115,0.3407481610774994,0.17363443970680237,0.1293426901102066,0.20940588414669037,0.32097697257995605,0.16484299302101135,0.20940588414669037,0.1909237802028656,0.15689848363399506,0.26604607701301575,0.2952154576778412,0.16775278747081757
of,0.33290785551071167,0.4854315221309662,0.41498205065727234,0.2101200968027115,1.0,0.2159487009048462,0.5011631846427917,0.22190773487091064,0.733189046382904,0.3132140040397644,0.5696388483047485,0.733189046382904,0.19444577395915985,0.26409703493118286,0.23494116961956024,0.23496948182582855,0.1826142966747284
god,0.3127830922603607,0.2211674600839615,0.30817699432373047,0.3407481610774994,0.2159487009048462,1.0,0.2592761814594269,0.1731743961572647,0.24689088761806488,0.4581014811992645,0.1355067938566208,0.24689088761806488,0.2968522608280182,0.16625003516674042,0.27349409461021423,0.3134988248348236,0.23396754264831543
which,0.5261979103088379,0.4457404911518097,0.6894589066505432,0.17363443970680237,0.5011631846427917,0.2592761814594269,1.0,0.25691157579421997,0.6521818041801453,0.2795863747596741,0.4840516746044159,0.6521818041801453,0.20733384788036346,0.28878316283226013,0.13629037141799927,0.28901204466819763,0.25814583897590637
sustains,0.21029198169708252,0.217471644282341,0.279894083738327,0.1293426901102066,0.22190773487091064,0.1731743961572647,0.25691157579421997,0.9999998807907104,0.20487231016159058,0.2636498510837555,0.2593519687652588,0.20487231016159058,0.1665857583284378,0.30755606293678284,0.17412103712558746,0.2789759039878845,0.19291158020496368
the,0.42745697498321533,0.5823672413825989,0.5473989248275757,0.20940588414669037,0.733189046382904,0.24689088761806488,0.6521818041801453,0.20487231016159058,1.0,0.2839444577693939,0.6662389636039734,1.0,0.24944555759429932,0.31815874576568604,0.19930796325206757,0.2264310121536255,0.22068053483963013
believers,0.32188862562179565,0.25462213158607483,0.41729220747947693,0.32097697257995605,0.3132140040397644,0.4581014811992645,0.2795863747596741,0.2636498510837555,0.2839444577693939,1.0000001192092896,0.19000054895877838,0.2839444577693939,0.18626530468463898,0.24824978411197662,0.46957162022590637,0.3584359586238861,0.2148078978061676
in,0.30808621644973755,0.5394441485404968,0.435920387506485,0.16484299302101135,0.5696388483047485,0.1355067938566208,0.4840516746044159,0.2593519687652588,0.6662389636039734,0.19000054895877838,1.0,0.6662389636039734,0.1607937216758728,0.23474496603012085,0.17218929529190063,0.241786926984787,0.20430970191955566
the,0.42745697498321533,0.5823672413825989,0.5473989248275757,0.20940588414669037,0.733189046382904,0.24689088761806488,0.6521818041801453,0.20487231016159058,1.0,0.2839444577693939,0.6662389636039734,1.0,0.24944555759429932,0.31815874576568604,0.19930796325206757,0.2264310121536255,0.22068053483963013
journey,0.1740729808807373,0.18803170323371887,0.20152127742767334,0.1909237802028656,0.19444577395915985,0.2968522608280182,0.20733384788036346,0.1665857583284378,0.24944555759429932,0.18626530468463898,0.1607937216758728,0.24944555759429932,0.9999998807907104,0.2263774424791336,0.09977143257856369,0.24572041630744934,0.06391996890306473
toward,0.2619364559650421,0.20858484506607056,0.29561343789100647,0.1503617763519287,0.25209522247314453,0.16029039025306702,0.26801982522010803,0.31586623191833496,0.3341628313064575,0.20244865119457245,0.2282264530658722,0.3341628313064575,0.24756568670272827,0.8479601740837097,0.10576184839010239,0.29780054092407227,0.09989774227142334
christian,0.17849333584308624,0.1473853588104248,0.18580004572868347,0.26604607701301575,0.23494116961956024,0.27349409461021423,0.13629037141799927,0.17412103712558746,0.19930796325206757,0.46957162022590637,0.17218929529190063,0.19930796325206757,0.09977143257856369,0.14501245319843292,1.0,0.17539721727371216,0.1508396863937378
perfection,0.2403440624475479,0.26475611329078674,0.30975186824798584,0.2952154576778412,0.23496948182582855,0.3134988248348236,0.28901204466819763,0.2789759039878845,0.2264310121536255,0.3584359586238861,0.241786926984787,0.2264310121536255,0.24572041630744934,0.2698615789413452,0.17539721727371216,1.0,0.1882336586713791
:,-0.12022944539785385,-0.07222653180360794,-0.12200210988521576,-0.06711632013320923,-0.08807745575904846,-0.07002276182174683,-0.11049769818782806,-0.0908501148223877,-0.03403344005346298,-0.07393235713243484,0.020521078258752823,-0.03403344005346298,-0.09570970386266708,-0.1032402291893959,0.030650561675429344,-0.017411258071660995,-0.07156077772378922
a,0.3320399522781372,0.658733606338501,0.47537946701049805,0.2073177546262741,0.5052502155303955,0.18792781233787537,0.56894451379776,0.29036128520965576,0.5829201340675354,0.25312989950180054,0.539380669593811,0.5829201340675354,0.1638973504304886,0.2078181505203247,0.1843954622745514,0.28832826018333435,0.23916715383529663
genuine,0.32851019501686096,0.2102500945329666,0.44582730531692505,0.17094683647155762,0.24213914573192596,0.28100061416625977,0.33947357535362244,0.18267281353473663,0.2630370259284973,0.2952256202697754,0.221604585647583,0.2630370259284973,0.18637287616729736,0.20290808379650116,0.21974453330039978,0.3167678117752075,0.2639915645122528
love,0.2620820701122284,0.12761151790618896,0.24653686583042145,0.35169315338134766,0.15893672406673431,0.36246347427368164,0.21517449617385864,0.23736517131328583,0.19631516933441162,0.2531166970729828,0.2026566118001938,0.19631516933441162,0.2800315320491791,0.11566536128520966,0.17766399681568146,0.33575478196144104,0.24261747300624847
of,0.33290785551071167,0.4854315221309662,0.41498205065727234,0.2101200968027115,1.0,0.2159487009048462,0.5011631846427917,0.22190773487091064,0.733189046382904,0.3132140040397644,0.5696388483047485,0.733189046382904,0.19444577395915985,0.26409703493118286,0.23494116961956024,0.23496948182582855,0.1826142966747284
god,0.3127830922603607,0.2211674600839615,0.30817699432373047,0.3407481610774994,0.2159487009048462,1.0,0.2592761814594269,0.1731743961572647,0.24689088761806488,0.4581014811992645,0.1355067938566208,0.24689088761806488,0.2968522608280182,0.16625003516674042,0.27349409461021423,0.3134988248348236,0.23396754264831543
with,0.2464839518070221,0.3250955045223236,0.4154358208179474,0.14283894002437592,0.41827285289764404,0.19523796439170837,0.46403205394744873,0.2525636553764343,0.4223487675189972,0.2226390540599823,0.4080928862094879,0.4223487675189972,0.1583564132452011,0.25315994024276733,0.14147578179836273,0.20692114531993866,0.2433311939239502
heart,0.18515849113464355,0.21632468700408936,0.17119134962558746,0.2225356549024582,0.21639685332775116,0.1722990721464157,0.21042637526988983,0.17117872834205627,0.23747070133686066,0.2352665364742279,0.2078341841697693,0.23747070133686066,0.26874855160713196,0.07530339062213898,0.13942131400108337,0.26054447889328003,0.11825142055749893
",",0.3087472915649414,0.4691906273365021,0.4137537479400635,0.2696996033191681,0.4946078956127167,0.24755379557609558,0.3658004403114319,0.25045767426490784,0.4933079481124878,0.2485993355512619,0.5201468467712402,0.4933079481124878,0.18947862088680267,0.2550581693649292,0.23595517873764038,0.23037490248680115,0.31091248989105225
soul,0.23502515256404877,0.1911991834640503,0.2695053815841675,0.31572967767715454,0.1792602837085724,0.3443109095096588,0.22030168771743774,0.13605308532714844,0.2054273635149002,0.31909486651420593,0.1501491367816925,0.2054273635149002,0.2952406406402588,0.1259593963623047,0.2129030078649521,0.2583235204219818,0.2029775083065033
",",0.3087472915649414,0.4691906273365021,0.4137537479400635,0.2696996033191681,0.4946078956127167,0.24755379557609558,0.3658004403114319,0.25045767426490784,0.4933079481124878,0.2485993355512619,0.5201468467712402,0.4933079481124878,0.18947862088680267,0.2550581693649292,0.23595517873764038,0.23037490248680115,0.31091248989105225
mind,0.305233895778656,0.16031856834888458,0.437778502702713,0.24356915056705475,0.17234256863594055,0.24719887971878052,0.1871776133775711,0.17990779876708984,0.16300682723522186,0.2964748740196228,0.19911706447601318,0.16300682723522186,0.14200830459594727,0.1724323183298111,0.15998683869838715,0.2839464545249939,0.22109316289424896
",",0.3087472915649414,0.4691906273365021,0.4137537479400635,0.2696996033191681,0.4946078956127167,0.24755379557609558,0.3658004403114319,0.25045767426490784,0.4933079481124878,0.2485993355512619,0.5201468467712402,0.4933079481124878,0.18947862088680267,0.2550581693649292,0.23595517873764038,0.23037490248680115,0.31091248989105225
and,0.31309178471565247,0.3859752118587494,0.4731321930885315,0.21748536825180054,0.5116966962814331,0.23257656395435333,0.506277859210968,0.32012709975242615,0.5171257257461548,0.30080944299697876,0.4954058527946472,0.5171257257461548,0.28162792325019836,0.32443711161613464,0.210403174161911,0.28258058428764343,0.20544172823429108
strength,0.23972263932228088,0.17222268879413605,0.28473690152168274,0.28405699133872986,0.2074614018201828,0.2510015368461609,0.2643732726573944,0.37173134088516235,0.22000056505203247,0.2203354835510254,0.19223929941654205,0.22000056505203247,0.19890651106834412,0.26472508907318115,0.1070779338479042,0.2657082676887512,0.09558156877756119
",",0.3087472915649414,0.4691906273365021,0.4137537479400635,0.2696996033191681,0.4946078956127167,0.24755379557609558,0.3658004403114319,0.25045767426490784,0.4933079481124878,0.2485993355512619,0.5201468467712402,0.4933079481124878,0.18947862088680267,0.2550581693649292,0.23595517873764038,0.23037490248680115,0.31091248989105225
and,0.31309178471565247,0.3859752118587494,0.4731321930885315,0.21748536825180054,0.5116966962814331,0.23257656395435333,0.506277859210968,0.32012709975242615,0.5171257257461548,0.30080944299697876,0.4954058527946472,0.5171257257461548,0.28162792325019836,0.32443711161613464,0.210403174161911,0.28258058428764343,0.20544172823429108
a,0.3320399522781372,0.658733606338501,0.47537946701049805,0.2073177546262741,0.5052502155303955,0.18792781233787537,0.56894451379776,0.29036128520965576,0.5829201340675354,0.25312989950180054,0.539380669593811,0.5829201340675354,0.1638973504304886,0.2078181505203247,0.1843954622745514,0.28832826018333435,0.23916715383529663
genuine,0.32851019501686096,0.2102500945329666,0.44582730531692505,0.17094683647155762,0.24213914573192596,0.28100061416625977,0.33947357535362244,0.18267281353473663,0.2630370259284973,0.2952256202697754,0.221604585647583,0.2630370259284973,0.18637287616729736,0.20290808379650116,0.21974453330039978,0.3167678117752075,0.2639915645122528
love,0.2620820701122284,0.12761151790618896,0.24653686583042145,0.35169315338134766,0.15893672406673431,0.36246347427368164,0.21517449617385864,0.23736517131328583,0.19631516933441162,0.2531166970729828,0.2026566118001938,0.19631516933441162,0.2800315320491791,0.11566536128520966,0.17766399681568146,0.33575478196144104,0.24261747300624847
of,0.33290785551071167,0.4854315221309662,0.41498205065727234,0.2101200968027115,1.0,0.2159487009048462,0.5011631846427917,0.22190773487091064,0.733189046382904,0.3132140040397644,0.5696388483047485,0.733189046382904,0.19444577395915985,0.26409703493118286,0.23494116961956024,0.23496948182582855,0.1826142966747284
our,0.3871900141239166,0.21384528279304504,0.3767656981945038,0.1830895096063614,0.28844836354255676,0.2790161371231079,0.2903716266155243,0.3091897666454315,0.34956011176109314,0.3010192811489105,0.17172041535377502,0.34956011176109314,0.14834749698638916,0.24469193816184998,0.15472054481506348,0.23358748853206635,0.2894428074359894
neighbors,0.21172936260700226,0.18150940537452698,0.2219015210866928,0.129508838057518,0.15291766822338104,0.1684531718492508,0.19332978129386902,0.13947942852973938,0.19269266724586487,0.2865831255912781,0.2135869413614273,0.19269266724586487,0.17491374909877777,0.2235814779996872,0.14405591785907745,0.1885339468717575,0.051071129739284515
as,0.31749409437179565,0.43216490745544434,0.4735107421875,0.17881780862808228,0.3886612355709076,0.20248441398143768,0.41006597876548767,0.21229702234268188,0.48381632566452026,0.22129228711128235,0.3887844979763031,0.48381632566452026,0.16659961640834808,0.2836703062057495,0.23712071776390076,0.20971761643886566,0.27043893933296204
ourselves,0.4149954319000244,0.15238800644874573,0.32885077595710754,0.1540919989347458,0.1767258197069168,0.31839242577552795,0.2319435179233551,0.2443854808807373,0.21517565846443176,0.33701378107070923,0.09104133397340775,0.21517565846443176,0.22951868176460266,0.20845408737659454,0.15666593611240387,0.24236609041690826,0.3727979063987732
.,0.3567904531955719,0.4569662809371948,0.4460422694683075,0.22931961715221405,0.5352458953857422,0.2337683141231537,0.45942068099975586,0.19629085063934326,0.5934505462646484,0.23031313717365265,0.5591574311256409,0.5934505462646484,0.1895405799150467,0.24058549106121063,0.2474701702594757,0.20545408129692078,0.4130953550338745
