,what,does,an,increase,in,the,income,share,of,the,bottom,20,percent,of,people,of,a,society,result,in,?
in,0.30808621644973755,0.214483380317688,0.2605783939361572,0.25893163681030273,1.0,0.6662389636039734,0.1795814335346222,0.21491074562072754,0.5696388483047485,0.6662389636039734,0.1894155740737915,-0.022708838805556297,0.24886950850486755,0.5696388483047485,0.39605680108070374,0.5696388483047485,0.539380669593811,0.21229879558086395,0.25670310854911804,1.0,0.20430970191955566
contrast,0.2773490250110626,0.29833805561065674,0.18112654983997345,0.3164539337158203,0.2357589453458786,0.25799670815467834,0.19828851521015167,0.22352038323879242,0.3046875298023224,0.25799670815467834,0.2130061388015747,0.00429507065564394,0.23234932124614716,0.3046875298023224,0.11306241154670715,0.3046875298023224,0.29432156682014465,0.24409008026123047,0.241590216755867,0.2357589453458786,0.15469981729984283
",",0.3087472915649414,0.28617382049560547,0.3581022024154663,0.20005576312541962,0.5201468467712402,0.4933079481124878,0.19703416526317596,0.29725754261016846,0.4946078956127167,0.4933079481124878,0.20182575285434723,0.02128993533551693,0.19088563323020935,0.4946078956127167,0.36644625663757324,0.4946078956127167,0.427140474319458,0.20629194378852844,0.23341737687587738,0.5201468467712402,0.31091248989105225
an,0.2821882665157318,0.29477936029434204,1.0,0.22955887019634247,0.2605783939361572,0.4207492768764496,0.12479376047849655,0.13699986040592194,0.32280945777893066,0.4207492768764496,0.09940209984779358,0.022018564864993095,0.1881512999534607,0.32280945777893066,0.16753636300563812,0.32280945777893066,0.44552403688430786,0.17547515034675598,0.20189309120178223,0.2605783939361572,0.19793890416622162
increase,0.21153631806373596,0.19757407903671265,0.22955887019634247,1.0,0.25893163681030273,0.32049667835235596,0.3552919328212738,0.26905620098114014,0.3156060576438904,0.32049667835235596,0.2023988962173462,-0.000980465323664248,0.4012279808521271,0.3156060576438904,0.23550847172737122,0.3156060576438904,0.24428929388523102,0.18028032779693604,0.322893887758255,0.25893163681030273,0.11119163036346436
in,0.30808621644973755,0.214483380317688,0.2605783939361572,0.25893163681030273,1.0,0.6662389636039734,0.1795814335346222,0.21491074562072754,0.5696388483047485,0.6662389636039734,0.1894155740737915,-0.022708838805556297,0.24886950850486755,0.5696388483047485,0.39605680108070374,0.5696388483047485,0.539380669593811,0.21229879558086395,0.25670310854911804,1.0,0.20430970191955566
the,0.42745697498321533,0.35928019881248474,0.4207492768764496,0.32049667835235596,0.6662389636039734,1.0,0.23699946701526642,0.249948650598526,0.733189046382904,1.0,0.3075515031814575,-0.06418957561254501,0.277066707611084,0.733189046382904,0.36838498711586,0.733189046382904,0.5829201340675354,0.2789285480976105,0.27778977155685425,0.6662389636039734,0.22068053483963013
income,0.21837803721427917,0.18851257860660553,0.12479376047849655,0.3552919328212738,0.1795814335346222,0.23699946701526642,1.0,0.28178873658180237,0.2581324577331543,0.23699946701526642,0.1732090711593628,0.06477738171815872,0.42370086908340454,0.2581324577331543,0.2230251580476761,0.2581324577331543,0.2084353119134903,0.2488999217748642,0.19292858242988586,0.1795814335346222,0.14935168623924255
share,0.2764742076396942,0.2503064274787903,0.13699986040592194,0.26905620098114014,0.21491074562072754,0.249948650598526,0.28178873658180237,1.0,0.2850857973098755,0.249948650598526,0.1583148092031479,0.0902727022767067,0.2633410394191742,0.2850857973098755,0.2234714776277542,0.2850857973098755,0.18168987333774567,0.17034542560577393,0.149933323264122,0.21491074562072754,0.1754547506570816
of,0.33290785551071167,0.3119818866252899,0.32280945777893066,0.3156060576438904,0.5696388483047485,0.733189046382904,0.2581324577331543,0.2850857973098755,1.0,0.733189046382904,0.2214360237121582,-0.0318976491689682,0.3004763424396515,1.0,0.3251037895679474,1.0,0.5052502155303955,0.23646748065948486,0.231380432844162,0.5696388483047485,0.1826142966747284
the,0.42745697498321533,0.35928019881248474,0.4207492768764496,0.32049667835235596,0.6662389636039734,1.0,0.23699946701526642,0.249948650598526,0.733189046382904,1.0,0.3075515031814575,-0.06418957561254501,0.277066707611084,0.733189046382904,0.36838498711586,0.733189046382904,0.5829201340675354,0.2789285480976105,0.27778977155685425,0.6662389636039734,0.22068053483963013
bottom,0.22912470996379852,0.20897172391414642,0.09940209984779358,0.2023988962173462,0.1894155740737915,0.3075515031814575,0.1732090711593628,0.1583148092031479,0.2214360237121582,0.3075515031814575,0.9999999403953552,-0.050510697066783905,0.1778619885444641,0.2214360237121582,0.12769339978694916,0.2214360237121582,0.2053840160369873,0.14396649599075317,0.1522216945886612,0.1894155740737915,0.21899469196796417
20,-0.036424171179533005,-0.04027826339006424,0.022018564864993095,-0.000980465323664248,-0.022708838805556297,-0.06418957561254501,0.06477738171815872,0.0902727022767067,-0.0318976491689682,-0.06418957561254501,-0.050510697066783905,1.0,0.022326350212097168,-0.0318976491689682,0.08855333179235458,-0.0318976491689682,-0.014937898144125938,0.06575200706720352,-0.0523671880364418,-0.022708838805556297,0.11360422521829605
percent,0.2506202459335327,0.2483300119638443,0.1881512999534607,0.4012279808521271,0.24886950850486755,0.277066707611084,0.42370086908340454,0.2633410394191742,0.3004763424396515,0.277066707611084,0.1778619885444641,0.022326350212097168,0.9999999403953552,0.3004763424396515,0.26913097500801086,0.3004763424396515,0.2187717854976654,0.1845492720603943,0.24554932117462158,0.24886950850486755,0.14671556651592255
(,0.2411840260028839,0.2728188931941986,0.286407470703125,0.15438681840896606,0.3087427020072937,0.33289089798927307,0.1266181766986847,0.18660616874694824,0.35032153129577637,0.33289089798927307,0.20076031982898712,-0.053621355444192886,0.11258889734745026,0.35032153129577637,0.17817604541778564,0.35032153129577637,0.3206180930137634,0.11421491950750351,0.20330387353897095,0.3087427020072937,0.40561532974243164
the,0.42745697498321533,0.35928019881248474,0.4207492768764496,0.32049667835235596,0.6662389636039734,1.0,0.23699946701526642,0.249948650598526,0.733189046382904,1.0,0.3075515031814575,-0.06418957561254501,0.277066707611084,0.733189046382904,0.36838498711586,0.733189046382904,0.5829201340675354,0.2789285480976105,0.27778977155685425,0.6662389636039734,0.22068053483963013
poor,0.2570318877696991,0.19849170744419098,0.18795853853225708,0.254914253950119,0.23408232629299164,0.21093174815177917,0.370358407497406,0.15497548878192902,0.23458099365234375,0.21093174815177917,0.15223495662212372,-0.006313436198979616,0.2829183340072632,0.23458099365234375,0.27899810671806335,0.23458099365234375,0.24187558889389038,0.25464317202568054,0.2685563862323761,0.23408232629299164,0.12937016785144806
),0.26259949803352356,0.2575884759426117,0.2873353958129883,0.15013758838176727,0.3326910734176636,0.3456730246543884,0.12669844925403595,0.20194026827812195,0.3680361211299896,0.3456730246543884,0.20803634822368622,-0.02411595731973648,0.10651931166648865,0.3680361211299896,0.18634183704853058,0.3680361211299896,0.3640355169773102,0.11955338716506958,0.22005009651184082,0.3326910734176636,0.42300865054130554
is,0.28837618231773376,0.4403602182865143,0.4654068350791931,0.18273088335990906,0.5394441485404968,0.5823672413825989,0.14559021592140198,0.2221677452325821,0.4854315221309662,0.5823672413825989,0.21165522933006287,-0.04254214093089104,0.24196593463420868,0.4854315221309662,0.34254953265190125,0.4854315221309662,0.658733606338501,0.15995073318481445,0.19420543313026428,0.5394441485404968,0.22961433231830597
associated,0.15836219489574432,0.2283642590045929,0.2386062890291214,0.29066577553749084,0.23328746855258942,0.2742886245250702,0.14745551347732544,0.1870509386062622,0.3077163100242615,0.2742886245250702,0.12801536917686462,0.10403125733137131,0.1965397298336029,0.3077163100242615,0.17507047951221466,0.3077163100242615,0.22056666016578674,0.2148619294166565,0.2031148076057434,0.23328746855258942,0.1453326791524887
with,0.2464839518070221,0.26186925172805786,0.2730048894882202,0.2471977174282074,0.4080928862094879,0.4223487675189972,0.19497792422771454,0.32575809955596924,0.41827285289764404,0.4223487675189972,0.20645500719547272,0.03049350343644619,0.17108966410160065,0.41827285289764404,0.20958639681339264,0.41827285289764404,0.3783375024795532,0.1061180979013443,0.21787862479686737,0.4080928862094879,0.2433311939239502
higher,0.2538340389728546,0.32568827271461487,0.18592587113380432,0.43265438079833984,0.23285751044750214,0.3292480409145355,0.2679516673088074,0.17713983356952667,0.3096220791339874,0.3292480409145355,0.26153048872947693,-0.036877043545246124,0.3428858518600464,0.3096220791339874,0.17689593136310577,0.3096220791339874,0.2608921229839325,0.2309739887714386,0.2183949500322342,0.23285751044750214,0.15679465234279633
gdp,0.2943311929702759,0.20845764875411987,0.05181534215807915,0.32652685046195984,0.17962713539600372,0.16116170585155487,0.5492525696754456,0.25027528405189514,0.173078253865242,0.16116170585155487,0.10363977402448654,0.007685193791985512,0.4503449499607086,0.173078253865242,0.2641674876213074,0.173078253865242,0.13026808202266693,0.1603822559118271,0.21124885976314545,0.17962713539600372,0.232579305768013
growth,0.1739405393600464,0.18474416434764862,0.1870514452457428,0.45214125514030457,0.2819603681564331,0.2912366986274719,0.37261080741882324,0.1736205369234085,0.2679378092288971,0.2912366986274719,0.1680133044719696,-0.026385683566331863,0.32251960039138794,0.2679378092288971,0.1820179522037506,0.2679378092288971,0.21544985473155975,0.185512974858284,0.22700650990009308,0.2819603681564331,0.07547862827777863
.,0.3567904531955719,0.3022993505001068,0.3581749200820923,0.24619564414024353,0.5591574311256409,0.5934505462646484,0.26448529958724976,0.24849677085876465,0.5352458953857422,0.5934505462646484,0.2788146138191223,0.01334344781935215,0.2556350827217102,0.5352458953857422,0.33118996024131775,0.5352458953857422,0.50484299659729,0.18022798001766205,0.31092435121536255,0.5591574311256409,0.4130953550338745
