,when,was,the,drainage,basin,of,the,amazon,believed,to,have,split,in,the,middle,of,south,america,?
during,0.46721696853637695,0.4470829963684082,0.4838213622570038,0.16492190957069397,0.17691287398338318,0.3869180977344513,0.4838213622570038,0.11170908063650131,0.29333433508872986,0.2828781306743622,0.27574852108955383,0.1790570616722107,0.4627237319946289,0.4838213622570038,0.2737145721912384,0.3869180977344513,0.24564063549041748,0.245676651597023,0.1325719803571701
the,0.5091903209686279,0.48711544275283813,1.0,0.2736852467060089,0.24553915858268738,0.733189046382904,1.0,0.260541707277298,0.324635773897171,0.535392165184021,0.40389683842658997,0.2967630624771118,0.6662389636039734,1.0,0.3405749201774597,0.733189046382904,0.3129390776157379,0.37090015411376953,0.22068053483963013
mid-eocene,0.22187364101409912,0.18888016045093536,0.25416916608810425,0.2686854898929596,0.3988892138004303,0.20399650931358337,0.25416916608810425,0.19582322239875793,0.21499735116958618,0.22231948375701904,0.2826163172721863,0.21539530158042908,0.24613057076931,0.25416916608810425,0.41701868176460266,0.20399650931358337,0.29905766248703003,0.29531827569007874,0.16638007760047913
",",0.36674630641937256,0.45456063747406006,0.4933079481124878,0.20687855780124664,0.25865232944488525,0.4946078956127167,0.4933079481124878,0.2214922308921814,0.2386300414800644,0.44245919585227966,0.3541618287563324,0.26985031366348267,0.5201468467712402,0.4933079481124878,0.24847112596035004,0.4946078956127167,0.3256652057170868,0.253568559885025,0.31091248989105225
it,0.4775012135505676,0.4577186405658722,0.6251175999641418,0.2714359164237976,0.25201135873794556,0.38761502504348755,0.6251175999641418,0.22231659293174744,0.30581751465797424,0.513711154460907,0.40974161028862,0.19493211805820465,0.5130809545516968,0.6251175999641418,0.24598756432533264,0.38761502504348755,0.28465771675109863,0.311389297246933,0.25732165575027466
is,0.3471449911594391,0.5810302495956421,0.5823672413825989,0.2501681447029114,0.2273138016462326,0.4854315221309662,0.5823672413825989,0.15197539329528809,0.25439924001693726,0.42745086550712585,0.3613572418689728,0.1479039490222931,0.5394441485404968,0.5823672413825989,0.21621397137641907,0.4854315221309662,0.27680471539497375,0.1998184472322464,0.22961433231830597
believed,0.29870954155921936,0.3758357763290405,0.324635773897171,0.14397597312927246,0.20235739648342133,0.2945859134197235,0.324635773897171,0.16641747951507568,1.0,0.35322412848472595,0.37452754378318787,0.08082016557455063,0.2605416774749756,0.324635773897171,0.17448307573795319,0.2945859134197235,0.21604607999324799,0.21396799385547638,0.17606885731220245
that,0.5860282182693481,0.33670201897621155,0.5473989248275757,0.18015657365322113,0.21932947635650635,0.41498205065727234,0.5473989248275757,0.2228476107120514,0.4644409120082855,0.5436353087425232,0.6182622313499451,0.26544344425201416,0.435920387506485,0.5473989248275757,0.22241683304309845,0.41498205065727234,0.1571199595928192,0.28841280937194824,0.32716336846351624
the,0.5091903209686279,0.48711544275283813,1.0,0.2736852467060089,0.24553915858268738,0.733189046382904,1.0,0.260541707277298,0.324635773897171,0.535392165184021,0.40389683842658997,0.2967630624771118,0.6662389636039734,1.0,0.3405749201774597,0.733189046382904,0.3129390776157379,0.37090015411376953,0.22068053483963013
drainage,0.10509204119443893,0.1710943579673767,0.2736852467060089,1.0,0.6340781450271606,0.2812975347042084,0.2736852467060089,0.35996633768081665,0.14397597312927246,0.17012028396129608,0.19335368275642395,0.11054781824350357,0.19508583843708038,0.2736852467060089,0.16470839083194733,0.2812975347042084,0.27708369493484497,0.1583014279603958,0.160207137465477
basin,0.14190278947353363,0.1841808706521988,0.24553915858268738,0.6340781450271606,1.0,0.2557278275489807,0.24553915858268738,0.41143864393234253,0.20235739648342133,0.1498844176530838,0.18816214799880981,0.10522393137216568,0.22316701710224152,0.24553915858268738,0.20068888366222382,0.2557278275489807,0.35698384046554565,0.2118578851222992,0.14685653150081635
of,0.3757161796092987,0.4069072902202606,0.733189046382904,0.2812975347042084,0.2557278275489807,1.0,0.733189046382904,0.20143137872219086,0.2945859134197235,0.41548454761505127,0.3802283704280853,0.2359420210123062,0.5696388483047485,0.733189046382904,0.2799445688724518,1.0,0.33382371068000793,0.28803038597106934,0.1826142966747284
the,0.5091903209686279,0.48711544275283813,1.0,0.2736852467060089,0.24553915858268738,0.733189046382904,1.0,0.260541707277298,0.324635773897171,0.535392165184021,0.40389683842658997,0.2967630624771118,0.6662389636039734,1.0,0.3405749201774597,0.733189046382904,0.3129390776157379,0.37090015411376953,0.22068053483963013
amazon,0.1287272423505783,0.14616160094738007,0.260541707277298,0.35996633768081665,0.41143864393234253,0.20143137872219086,0.260541707277298,1.0000001192092896,0.16641747951507568,0.17033490538597107,0.20372521877288818,0.022433342412114143,0.12227833271026611,0.260541707277298,0.13513457775115967,0.20143137872219086,0.23864558339118958,0.37370234727859497,0.18144656717777252
was,0.37326499819755554,1.0000001192092896,0.48711544275283813,0.1710943579673767,0.1841808706521988,0.4069072902202606,0.48711544275283813,0.14616160094738007,0.3758357763290405,0.3636345863342285,0.2863433063030243,0.17593012750148773,0.45514053106307983,0.48711544275283813,0.21038298308849335,0.4069072902202606,0.2792486846446991,0.2850865423679352,0.18412111699581146
split,0.22709082067012787,0.17593012750148773,0.2967630624771118,0.11054781824350357,0.10522393137216568,0.2359420210123062,0.2967630624771118,0.022433342412114143,0.08082016557455063,0.17915946245193481,0.234889954328537,1.0,0.24171817302703857,0.2967630624771118,0.23364047706127167,0.2359420210123062,0.13980644941329956,0.09235118329524994,0.16133880615234375
along,0.3277623653411865,0.24175575375556946,0.39495137333869934,0.2822628319263458,0.17943032085895538,0.34889817237854004,0.39495137333869934,0.19534365832805634,0.1748400330543518,0.2976071536540985,0.2685122489929199,0.19774951040744781,0.3603311777114868,0.39495137333869934,0.23043686151504517,0.34889817237854004,0.29224321246147156,0.17035698890686035,0.17134909331798553
the,0.5091903209686279,0.48711544275283813,1.0,0.2736852467060089,0.24553915858268738,0.733189046382904,1.0,0.260541707277298,0.324635773897171,0.535392165184021,0.40389683842658997,0.2967630624771118,0.6662389636039734,1.0,0.3405749201774597,0.733189046382904,0.3129390776157379,0.37090015411376953,0.22068053483963013
middle,0.25323590636253357,0.21038298308849335,0.3405749201774597,0.16470839083194733,0.20068888366222382,0.2799445688724518,0.3405749201774597,0.13513457775115967,0.17448307573795319,0.2015334814786911,0.2068544626235962,0.23364047706127167,0.26767921447753906,0.3405749201774597,0.9999998807907104,0.2799445688724518,0.2656954228878021,0.23746083676815033,0.13139553368091583
of,0.3757161796092987,0.4069072902202606,0.733189046382904,0.2812975347042084,0.2557278275489807,1.0,0.733189046382904,0.20143137872219086,0.2945859134197235,0.41548454761505127,0.3802283704280853,0.2359420210123062,0.5696388483047485,0.733189046382904,0.2799445688724518,1.0,0.33382371068000793,0.28803038597106934,0.1826142966747284
the,0.5091903209686279,0.48711544275283813,1.0,0.2736852467060089,0.24553915858268738,0.733189046382904,1.0,0.260541707277298,0.324635773897171,0.535392165184021,0.40389683842658997,0.2967630624771118,0.6662389636039734,1.0,0.3405749201774597,0.733189046382904,0.3129390776157379,0.37090015411376953,0.22068053483963013
continent,0.21343471109867096,0.19089169800281525,0.3139871060848236,0.2530270218849182,0.34918317198753357,0.2647381126880646,0.3139871060848236,0.24172286689281464,0.17825856804847717,0.21310271322727203,0.24655956029891968,0.22300207614898682,0.29258909821510315,0.3139871060848236,0.2563141882419586,0.2647381126880646,0.3711594343185425,0.4555659592151642,0.17592057585716248
by,0.4376842677593231,0.4752357602119446,0.4408751428127289,0.18968628346920013,0.19840280711650848,0.3646814823150635,0.4408751428127289,0.16320857405662537,0.3129139244556427,0.33534231781959534,0.3359639644622803,0.21557176113128662,0.370934396982193,0.4408751428127289,0.18733404576778412,0.3646814823150635,0.23838843405246735,0.20156630873680115,0.17966607213020325
the,0.5091903209686279,0.48711544275283813,1.0,0.2736852467060089,0.24553915858268738,0.733189046382904,1.0,0.260541707277298,0.324635773897171,0.535392165184021,0.40389683842658997,0.2967630624771118,0.6662389636039734,1.0,0.3405749201774597,0.733189046382904,0.3129390776157379,0.37090015411376953,0.22068053483963013
purus,0.028929905965924263,0.08903300762176514,0.12622052431106567,0.29164692759513855,0.3173162639141083,0.16428261995315552,0.12622052431106567,0.31015291810035706,0.21106097102165222,0.07718842476606369,0.12698841094970703,0.10620585829019547,0.11681485921144485,0.12622052431106567,0.17009587585926056,0.16428261995315552,0.1689441204071045,0.28989657759666443,0.10452352464199066
arch,0.12607482075691223,0.25308018922805786,0.26320189237594604,0.25521665811538696,0.13928711414337158,0.2235732227563858,0.26320189237594604,0.10991878062486649,0.08564765751361847,0.20862767100334167,0.14945876598358154,0.13369645178318024,0.16666603088378906,0.26320189237594604,0.2783750295639038,0.2235732227563858,0.1815507858991623,0.1350792795419693,0.12708529829978943
.,0.475719153881073,0.40146201848983765,0.5934505462646484,0.18976770341396332,0.20696322619915009,0.5352458953857422,0.5934505462646484,0.262887567281723,0.26106974482536316,0.4645031690597534,0.41614407300949097,0.26228174567222595,0.5591574311256409,0.5934505462646484,0.2989427447319031,0.5352458953857422,0.2798699140548706,0.29180291295051575,0.4130953550338745
