,in,what,year,was,rose,mary,denman,defrocked,for,openly,living,with,a,same-sex,partner,?
in,1.0,0.30808621644973755,0.3359307050704956,0.45514053106307983,0.24995949864387512,0.21819515526294708,0.20979681611061096,0.2665156424045563,0.4322226941585541,0.23383252322673798,0.3253810405731201,0.4080928862094879,0.539380669593811,0.3094196021556854,0.1903068870306015,0.20430970191955566
1987,0.0910748764872551,0.10829561948776245,0.09677626192569733,0.13583652675151825,0.06211627647280693,0.17386889457702637,0.1279647797346115,0.11535525321960449,0.03048733063042164,0.082280732691288,0.1730387955904007,0.06414436548948288,0.07971939444541931,0.20959605276584625,0.03296424821019173,0.0361514650285244
",",0.5201468467712402,0.3087472915649414,0.28560417890548706,0.45456063747406006,0.26653817296028137,0.2604343891143799,0.29322531819343567,0.3535774052143097,0.4464869201183319,0.29348745942115784,0.26278790831565857,0.4120737314224243,0.427140474319458,0.291130006313324,0.19484615325927734,0.31091248989105225
a,0.539380669593811,0.3320399522781372,0.29350247979164124,0.4508470594882965,0.21820183098316193,0.19644305109977722,0.20228387415409088,0.27763059735298157,0.44038116931915283,0.19781415164470673,0.21367067098617554,0.3783375024795532,1.0,0.3308933675289154,0.15760847926139832,0.23916715383529663
united,0.3938477039337158,0.20036718249320984,0.23911906778812408,0.31727492809295654,0.1710279881954193,0.21062389016151428,0.26514554023742676,0.2673996090888977,0.30487096309661865,0.21713237464427948,0.20324143767356873,0.19869105517864227,0.2732578217983246,0.311663419008255,0.12444137036800385,0.17266890406608582
methodist,0.24702993035316467,0.17637217044830322,0.1624906063079834,0.2711138129234314,0.09977398812770844,0.3693549931049347,0.25864240527153015,0.19119739532470703,0.1716444343328476,0.2739999294281006,0.2032490372657776,0.17456914484500885,0.24651029706001282,0.28665176033973694,0.16426913440227509,0.1436992734670639
church,0.2493300437927246,0.1944202184677124,0.17190417647361755,0.24960921704769135,0.11828047782182693,0.2972598671913147,0.1958044022321701,0.13840313255786896,0.15542230010032654,0.2379097044467926,0.29979652166366577,0.17961077392101288,0.19588641822338104,0.18037474155426025,0.15597815811634064,0.18081501126289368
court,0.2793687880039215,0.23440583050251007,0.21609485149383545,0.2737988233566284,0.13985762000083923,0.18014732003211975,0.20032082498073578,0.19067497551441193,0.21894486248493195,0.13809533417224884,0.11241093277931213,0.14494022727012634,0.23624834418296814,0.23913951218128204,0.12619929015636444,0.17100423574447632
in,1.0,0.30808621644973755,0.3359307050704956,0.45514053106307983,0.24995949864387512,0.21819515526294708,0.20979681611061096,0.2665156424045563,0.4322226941585541,0.23383252322673798,0.3253810405731201,0.4080928862094879,0.539380669593811,0.3094196021556854,0.1903068870306015,0.20430970191955566
new,0.3758552670478821,0.2130378633737564,0.25045546889305115,0.2748313844203949,0.0922124832868576,0.14267483353614807,0.22491449117660522,0.29222434759140015,0.2700757384300232,0.20079784095287323,0.22812184691429138,0.24325589835643768,0.3214259147644043,0.3082955777645111,0.11057198792695999,0.14782847464084625
hampshire,0.26315850019454956,0.1944948136806488,0.19867876172065735,0.23263947665691376,0.1260852962732315,0.260308176279068,0.24013805389404297,0.2130155712366104,0.2241612821817398,0.1961877942085266,0.2625494599342346,0.15776199102401733,0.2155964970588684,0.3679177165031433,0.09571313858032227,0.10993438214063644
defrocked,0.2665156424045563,0.33542224764823914,0.2693496346473694,0.3359539210796356,0.30776941776275635,0.19896332919597626,0.3864392340183258,1.0,0.2880927324295044,0.2782042622566223,0.18624688684940338,0.33038294315338135,0.27763059735298157,0.3003142178058624,0.24330085515975952,0.27007365226745605
methodist,0.24702993035316467,0.17637217044830322,0.1624906063079834,0.2711138129234314,0.09977398812770844,0.3693549931049347,0.25864240527153015,0.19119739532470703,0.1716444343328476,0.2739999294281006,0.2032490372657776,0.17456914484500885,0.24651029706001282,0.28665176033973694,0.16426913440227509,0.1436992734670639
minister,0.19794908165931702,0.1705908179283142,0.14093878865242004,0.26634681224823,0.07996518164873123,0.15279777348041534,0.3607522249221802,0.1959332376718521,0.1931433081626892,0.19619925320148468,0.1050235703587532,0.09788184612989426,0.1532600224018097,0.16205550730228424,0.1896161288022995,0.10825661569833755
rose,0.24995949864387512,0.13161541521549225,0.18637050688266754,0.2609468102455139,0.9999999403953552,0.23296064138412476,0.15979702770709991,0.30776941776275635,0.09382632374763489,0.07408145815134048,0.17182639241218567,0.16761144995689392,0.21820183098316193,0.21322396397590637,0.1117124855518341,0.11847885698080063
mary,0.21819515526294708,0.2064262330532074,0.15301498770713806,0.2567506730556488,0.23296064138412476,1.0,0.30282923579216003,0.19896332919597626,0.1572747677564621,0.22506952285766602,0.13793358206748962,0.13438525795936584,0.19644305109977722,0.25137874484062195,0.14562638103961945,0.17181165516376495
denman,0.20979681611061096,0.19610974192619324,0.22989511489868164,0.3261982500553131,0.15979702770709991,0.30282923579216003,1.0,0.3864392340183258,0.20327697694301605,0.29970240592956543,0.16071918606758118,0.20023837685585022,0.20228387415409088,0.24366547167301178,0.2028440535068512,0.191852867603302
for,0.4322226941585541,0.3017193675041199,0.29294124245643616,0.3863949179649353,0.09382632374763489,0.1572747677564621,0.20327697694301605,0.2880927324295044,0.9999999403953552,0.22407542169094086,0.15849082171916962,0.39140474796295166,0.44038116931915283,0.29812857508659363,0.18582101166248322,0.264628142118454
openly,0.23383252322673798,0.24464668333530426,0.12757810950279236,0.2920909523963928,0.07408145815134048,0.22506952285766602,0.29970240592956543,0.2782042622566223,0.22407542169094086,1.0,0.16854026913642883,0.208077073097229,0.19781415164470673,0.31992319226264954,0.34031376242637634,0.16308623552322388
living,0.3253810405731201,0.22245320677757263,0.25835561752319336,0.16790105402469635,0.17182639241218567,0.13793358206748962,0.16071918606758118,0.18624688684940338,0.15849082171916962,0.16854026913642883,1.0000001192092896,0.23172324895858765,0.21367067098617554,0.3149655759334564,0.1763361245393753,0.18362653255462646
with,0.4080928862094879,0.2464839518070221,0.3220449686050415,0.27411898970603943,0.16761144995689392,0.13438525795936584,0.20023837685585022,0.33038294315338135,0.39140474796295166,0.208077073097229,0.23172324895858765,0.9999999403953552,0.3783375024795532,0.2511357367038727,0.30725839734077454,0.2433311939239502
a,0.539380669593811,0.3320399522781372,0.29350247979164124,0.4508470594882965,0.21820183098316193,0.19644305109977722,0.20228387415409088,0.27763059735298157,0.44038116931915283,0.19781415164470673,0.21367067098617554,0.3783375024795532,1.0,0.3308933675289154,0.15760847926139832,0.23916715383529663
same-sex,0.3094196021556854,0.2764958441257477,0.275587797164917,0.300588458776474,0.21322396397590637,0.25137874484062195,0.24366547167301178,0.3003142178058624,0.29812857508659363,0.31992319226264954,0.3149655759334564,0.2511357367038727,0.3308933675289154,1.0,0.3114781975746155,0.2158789336681366
partner,0.1903068870306015,0.10468954592943192,0.1838247925043106,0.11958950757980347,0.1117124855518341,0.14562638103961945,0.2028440535068512,0.24330085515975952,0.18582101166248322,0.34031376242637634,0.1763361245393753,0.30725839734077454,0.15760847926139832,0.3114781975746155,1.0,0.15119856595993042
.,0.5591574311256409,0.3567904531955719,0.32538118958473206,0.40146201848983765,0.2793329656124115,0.249723881483078,0.2891557812690735,0.3225654363632202,0.4726039469242096,0.2294253706932068,0.27785244584083557,0.4446153938770294,0.50484299659729,0.293578565120697,0.17330016195774078,0.4130953550338745
