,how,much,was,the,combined,wealth,of,the,``,10,million,dollar,millionaires,'',in,2008,?
the,0.33890387415885925,0.35023224353790283,0.48711544275283813,1.0,0.3713363707065582,0.24999672174453735,0.733189046382904,1.0,0.029072100296616554,0.2880653440952301,0.277012437582016,0.2596837878227234,0.2355634719133377,0.041273195296525955,0.6662389636039734,-0.06530369818210602,0.22068053483963013
combined,0.2234719693660736,0.22907154262065887,0.23431967198848724,0.3713363707065582,1.0000001192092896,0.17849938571453094,0.399336040019989,0.3713363707065582,0.08128747344017029,0.19944122433662415,0.15003883838653564,0.14318816363811493,0.19565963745117188,0.12371319532394409,0.3370276689529419,-0.1587643325328827,0.17985320091247559
wealth,0.22943173348903656,0.26980164647102356,0.19163759052753448,0.24999672174453735,0.17849938571453094,0.9999998807907104,0.27235376834869385,0.24999672174453735,0.03245234861969948,0.12340863794088364,0.22148609161376953,0.2833874225616455,0.3463398218154907,0.0916694775223732,0.1835664063692093,-0.019644686952233315,0.1624586433172226
of,0.2480744868516922,0.2671096920967102,0.4069072902202606,0.733189046382904,0.399336040019989,0.27235376834869385,1.0,0.733189046382904,0.06780257821083069,0.2777891755104065,0.21686489880084991,0.1566329300403595,0.17766256630420685,0.13035868108272552,0.5696388483047485,-0.10678710788488388,0.1826142966747284
the,0.33890387415885925,0.35023224353790283,0.48711544275283813,1.0,0.3713363707065582,0.24999672174453735,0.733189046382904,1.0,0.029072100296616554,0.2880653440952301,0.277012437582016,0.2596837878227234,0.2355634719133377,0.041273195296525955,0.6662389636039734,-0.06530369818210602,0.22068053483963013
``,-0.01591024175286293,0.02682921104133129,-0.012679691426455975,0.029072100296616554,0.08128747344017029,0.03245234861969948,0.06780257821083069,0.029072100296616554,1.0,0.008565991185605526,0.03899171203374863,0.10278460383415222,-0.016410036012530327,-0.09173435717821121,0.04765888676047325,-0.03293946012854576,0.0685480609536171
10,0.09177426248788834,0.14081913232803345,0.16597506403923035,0.2880653440952301,0.19944122433662415,0.12340863794088364,0.2777891755104065,0.2880653440952301,0.008565991185605526,1.0,0.10982436686754227,0.011049515567719936,0.026660986244678497,0.026877591386437416,0.22690178453922272,0.05284503474831581,0.022911956533789635
million,0.21114659309387207,0.2792966067790985,0.24203833937644958,0.277012437582016,0.15003883838653564,0.22148609161376953,0.21686489880084991,0.277012437582016,0.03899171203374863,0.10982436686754227,0.9999999403953552,0.4472901225090027,0.5730459690093994,-0.04049712419509888,0.2596224844455719,-0.05069385841488838,0.23092924058437347
dollar,0.21454864740371704,0.17403052747249603,0.16782456636428833,0.2596837878227234,0.14318816363811493,0.2833874225616455,0.1566329300403595,0.2596837878227234,0.10278460383415222,0.011049515567719936,0.4472901225090027,0.9999999403953552,0.4525245428085327,0.083279550075531,0.20175442099571228,0.02754851244390011,0.17535142600536346
millionaires,0.20209971070289612,0.22519905865192413,0.2836161255836487,0.2355634719133377,0.19565963745117188,0.3463398218154907,0.17766256630420685,0.2355634719133377,-0.016410036012530327,0.026660986244678497,0.5730459690093994,0.4525245428085327,1.0000001192092896,0.038817767053842545,0.22409850358963013,0.12461727857589722,0.23819777369499207
'',-0.0029843549709767103,-0.014185515232384205,0.04456103965640068,0.041273195296525955,0.12371319532394409,0.0916694775223732,0.13035868108272552,0.041273195296525955,-0.09173435717821121,0.026877591386437416,-0.04049712419509888,0.083279550075531,0.038817767053842545,1.0,0.07432962208986282,-0.014141581952571869,0.018684765323996544
grew,0.11287437379360199,0.3246287703514099,0.42560136318206787,0.226883202791214,0.20088127255439758,0.27096137404441833,0.2421051263809204,0.226883202791214,0.0633118748664856,0.2278893142938614,0.1905449777841568,0.11759233474731445,0.14721915125846863,0.09684256464242935,0.2749199867248535,0.018756890669465065,0.05505307391285896
to,0.44169697165489197,0.40610215067863464,0.3636345863342285,0.535392165184021,0.24629315733909607,0.30562296509742737,0.41548454761505127,0.535392165184021,0.06720756739377975,0.18753696978092194,0.22033339738845825,0.21958276629447937,0.2886604368686676,-0.009905828163027763,0.45010748505592346,-0.22700966894626617,0.29463258385658264
nearly,0.23273618519306183,0.3652237057685852,0.2735367715358734,0.3409946858882904,0.20803095400333405,0.17470957338809967,0.3455437123775482,0.3409946858882904,0.08260922133922577,0.10002242773771286,0.37885594367980957,0.1622854322195053,0.12758007645606995,-0.06756630539894104,0.3414846360683441,-0.12095791846513748,0.11670064926147461
$,0.18718640506267548,0.205519899725914,0.23838669061660767,0.23367542028427124,0.0952034592628479,0.2721671760082245,0.11268499493598938,0.23367542028427124,0.06408143043518066,-0.028140993788838387,0.5994373559951782,0.4954805076122284,0.4166380763053894,-0.07114323228597641,0.21616753935813904,0.012387305498123169,0.2786129117012024
41,-0.12538115680217743,-0.019590796902775764,0.06323911994695663,0.19715392589569092,0.1428930014371872,0.02381506748497486,0.2314874827861786,0.19715392589569092,0.0818621963262558,0.18765956163406372,0.14882373809814453,0.12555931508541107,0.07163278013467789,-0.06421992182731628,0.17217706143856049,-0.03227991610765457,-0.08073537796735764
trillion,0.250239759683609,0.2382907122373581,0.12040402740240097,0.20420508086681366,0.1817234456539154,0.2719985544681549,0.18437796831130981,0.20420508086681366,0.16908271610736847,0.005468405783176422,0.7111855745315552,0.49039992690086365,0.4631310999393463,0.029734522104263306,0.17681333422660828,-0.05774824321269989,0.24299131333827972
in,0.2601168751716614,0.2725222110748291,0.45514053106307983,0.6662389636039734,0.3370276689529419,0.1835664063692093,0.5696388483047485,0.6662389636039734,0.04765888676047325,0.22690178453922272,0.2596224844455719,0.20175442099571228,0.22409850358963013,0.07432962208986282,1.0,-0.0422978475689888,0.20430970191955566
2008,-0.17135247588157654,-0.25726374983787537,0.09246674180030823,-0.06530369818210602,-0.1587643325328827,-0.019644686952233315,-0.10678710788488388,-0.06530369818210602,-0.03293946012854576,0.05284503474831581,-0.05069385841488838,0.02754851244390011,0.12461727857589722,-0.014141581952571869,-0.0422978475689888,1.0,-0.09852470457553864
.,0.3287222981452942,0.3374604284763336,0.40146201848983765,0.5934505462646484,0.2813032567501068,0.1815606653690338,0.5352458953857422,0.5934505462646484,0.05720457062125206,0.15478138625621796,0.26805803179740906,0.2052447497844696,0.24235135316848755,-0.07181349396705627,0.5591574311256409,-0.01312112994492054,0.4130953550338745
