,what,is,held,outside,the,formal,legal,ownership,registration,system,in,many,developing,countries,?
in,0.30808621644973755,0.5394441485404968,0.3127288818359375,0.4191201329231262,0.6662389636039734,0.2482539862394333,0.256083607673645,0.22562521696090698,0.2465285360813141,0.21978288888931274,1.0,0.41474202275276184,0.2911061644554138,0.3027990758419037,0.20430970191955566
many,0.36131182312965393,0.2649032473564148,0.20985887944698334,0.3308001160621643,0.4335206151008606,0.24852780997753143,0.2644834518432617,0.2561948001384735,0.2501562535762787,0.2631138563156128,0.41474202275276184,0.9999999403953552,0.3665526807308197,0.4298940598964691,0.2124512493610382
poor,0.2570318877696991,0.18218109011650085,0.056399598717689514,0.21601876616477966,0.21093174815177917,0.22430050373077393,0.1954406499862671,0.20252253115177155,0.1608624905347824,0.17594534158706665,0.23408232629299164,0.31478211283683777,0.3351861238479614,0.25384774804115295,0.12937016785144806
and,0.31309178471565247,0.3859752118587494,0.22757986187934875,0.31803378462791443,0.5171257257461548,0.2337617129087448,0.2664804756641388,0.246654212474823,0.2062888890504837,0.231138214468956,0.4954058527946472,0.5296266674995422,0.294929563999176,0.37200918793678284,0.20544172823429108
developing,0.22094523906707764,0.22658659517765045,0.16554713249206543,0.25255000591278076,0.3203009068965912,0.22193951904773712,0.2408599555492401,0.2146335244178772,0.1549982875585556,0.28239572048187256,0.2911061644554138,0.3665526807308197,1.0,0.39340993762016296,0.1301516592502594
countries,0.22319257259368896,0.254234254360199,0.21833106875419617,0.273200124502182,0.33290645480155945,0.3142836093902588,0.3531281650066376,0.22534571588039398,0.2292790710926056,0.21421954035758972,0.3027990758419037,0.4298940598964691,0.39340993762016296,0.9999999403953552,0.15128466486930847
much,0.45316147804260254,0.3156087100505829,0.10934467613697052,0.2733171582221985,0.35023224353790283,0.22672279179096222,0.2031676322221756,0.24492813646793365,0.2192428708076477,0.29001396894454956,0.2725222110748291,0.4752063453197479,0.32437607645988464,0.2868848145008087,0.23442231118679047
land,0.23411516845226288,0.22457899153232574,0.17132847011089325,0.12296297401189804,0.28587454557418823,0.11920616775751114,0.20504477620124817,0.3698562681674957,0.16187261044979095,0.21588410437107086,0.22871792316436768,0.19642266631126404,0.15955320000648499,0.2139480710029602,0.1432059109210968
and,0.31309178471565247,0.3859752118587494,0.22757986187934875,0.31803378462791443,0.5171257257461548,0.2337617129087448,0.2664804756641388,0.246654212474823,0.2062888890504837,0.231138214468956,0.4954058527946472,0.5296266674995422,0.294929563999176,0.37200918793678284,0.20544172823429108
housing,0.14871764183044434,0.19461371004581451,0.20522208511829376,0.25897863507270813,0.24837790429592133,0.17599597573280334,0.255230575799942,0.2872362732887268,0.23940160870552063,0.21242307126522064,0.255455881357193,0.23347222805023193,0.3153632581233978,0.2653678059577942,0.11872038245201111
is,0.28837618231773376,1.0,0.19884860515594482,0.2823421061038971,0.5823672413825989,0.21914683282375336,0.20037926733493805,0.22822703421115875,0.18513651192188263,0.2282046526670456,0.5394441485404968,0.2649032473564148,0.22658659517765045,0.254234254360199,0.22961433231830597
held,0.0974166989326477,0.19884860515594482,1.0,0.24085302650928497,0.32185450196266174,0.23151297867298126,0.18709102272987366,0.19357849657535553,0.16799913346767426,0.10446743667125702,0.3127288818359375,0.20985887944698334,0.16554713249206543,0.21833106875419617,0.14103956520557404
outside,0.3224688768386841,0.2823421061038971,0.24085302650928497,0.9999999403953552,0.3879719078540802,0.27963677048683167,0.23580780625343323,0.15803076326847076,0.20467868447303772,0.248221293091774,0.4191201329231262,0.3308001160621643,0.25255000591278076,0.273200124502182,0.14839068055152893
the,0.42745697498321533,0.5823672413825989,0.32185450196266174,0.3879719078540802,1.0,0.245810866355896,0.25629305839538574,0.261578768491745,0.2935751974582672,0.3233085572719574,0.6662389636039734,0.4335206151008606,0.3203009068965912,0.33290645480155945,0.22068053483963013
formal,0.26485171914100647,0.21914683282375336,0.23151297867298126,0.27963677048683167,0.245810866355896,1.0000001192092896,0.39065563678741455,0.2681119441986084,0.30768877267837524,0.2483961135149002,0.2482539862394333,0.24852780997753143,0.22193951904773712,0.3142836093902588,0.1989586055278778
or,0.33867141604423523,0.41870999336242676,0.16831013560295105,0.34863367676734924,0.4174870550632477,0.3239913880825043,0.30053412914276123,0.2496372014284134,0.31043365597724915,0.32710888981819153,0.3586423695087433,0.36905089020729065,0.2603335678577423,0.33534011244773865,0.32389625906944275
legal,0.26388198137283325,0.20037926733493805,0.18709102272987366,0.23580780625343323,0.25629305839538574,0.39065563678741455,0.9999998807907104,0.3986356258392334,0.34125056862831116,0.2745293378829956,0.256083607673645,0.2644834518432617,0.2408599555492401,0.3531281650066376,0.2143220454454422
property,0.24978817999362946,0.1944577693939209,0.1444471776485443,0.17480626702308655,0.2061677873134613,0.1540842056274414,0.3199589252471924,0.502207338809967,0.2509441673755646,0.1977689564228058,0.19798405468463898,0.16241537034511566,0.16376374661922455,0.13880257308483124,0.16865147650241852
ownership,0.2581227421760559,0.22822703421115875,0.19357849657535553,0.15803076326847076,0.261578768491745,0.2681119441986084,0.3986356258392334,1.0,0.38573136925697327,0.24738577008247375,0.22562521696090698,0.2561948001384735,0.2146335244178772,0.22534571588039398,0.19719240069389343
registration,0.23976002633571625,0.18513651192188263,0.16799913346767426,0.20467868447303772,0.2935751974582672,0.30768877267837524,0.34125056862831116,0.38573136925697327,0.9999998807907104,0.21623115241527557,0.2465285360813141,0.2501562535762787,0.1549982875585556,0.2292790710926056,0.22754761576652527
system,0.23557309806346893,0.2282046526670456,0.10446743667125702,0.248221293091774,0.3233085572719574,0.2483961135149002,0.2745293378829956,0.24738577008247375,0.21623115241527557,1.0000001192092896,0.21978288888931274,0.2631138563156128,0.28239572048187256,0.21421954035758972,0.15556083619594574
.,0.3567904531955719,0.4569662809371948,0.2628571093082428,0.28971612453460693,0.5934505462646484,0.18800637125968933,0.24492493271827698,0.20808322727680206,0.24190650880336761,0.2277725487947464,0.5591574311256409,0.3974229395389557,0.2637762427330017,0.27938392758369446,0.4130953550338745
