,zones,in,which,mountains,are,built,along,convergent,tectonic,plate,boundaries,are,called,what,?
among,0.18484485149383545,0.3211768567562103,0.3077724575996399,0.16997337341308594,0.3811550438404083,0.1967482566833496,0.284652978181839,0.24868294596672058,0.20713570713996887,0.12097862362861633,0.17305292189121246,0.3811550438404083,0.26889246702194214,0.21154822409152985,0.14343059062957764
the,0.29823264479637146,0.6662389636039734,0.6521818041801453,0.27269288897514343,0.40399202704429626,0.2950156033039093,0.39495137333869934,0.2782052755355835,0.3249375522136688,0.2611875832080841,0.34339386224746704,0.40399202704429626,0.489897221326828,0.42745697498321533,0.22068053483963013
most,0.21792037785053253,0.41416558623313904,0.4637843072414398,0.20615507662296295,0.48698675632476807,0.18350690603256226,0.2380090206861496,0.2331981062889099,0.19683191180229187,0.16350673139095306,0.1365346908569336,0.48698675632476807,0.35463574528694153,0.3219912350177765,0.2107497900724411
well-known,0.1573740839958191,0.3692159652709961,0.31308138370513916,0.15934765338897705,0.2234591394662857,0.24788545072078705,0.2650854289531708,0.19686409831047058,0.24635690450668335,0.2160445898771286,0.26709720492362976,0.2234591394662857,0.3153130114078522,0.19213207066059113,0.2076386660337448
experiments,0.135422021150589,0.21977302432060242,0.31440770626068115,0.09757788479328156,0.24133720993995667,0.2573509216308594,0.19533711671829224,0.29165118932724,0.1838522106409073,0.0957193672657013,0.1573222130537033,0.24133720993995667,0.2559312582015991,0.3106561601161957,0.14564716815948486
in,0.2524511516094208,1.0,0.4840516746044159,0.27267226576805115,0.3841303884983063,0.25829681754112244,0.3603311777114868,0.2147963047027588,0.22851157188415527,0.18938399851322174,0.29207542538642883,0.3841303884983063,0.40847352147102356,0.30808621644973755,0.20430970191955566
structural,0.2128652185201645,0.2507881224155426,0.3338971436023712,0.15489940345287323,0.22905494272708893,0.2820473611354828,0.16304488480091095,0.3343043327331543,0.3059215545654297,0.14478561282157898,0.27339276671409607,0.22905494272708893,0.16918373107910156,0.19746112823486328,0.1448175609111786
geology,0.23321877419948578,0.21882881224155426,0.2463337630033493,0.2602987587451935,0.16411103308200836,0.09711799025535583,0.13281242549419403,0.3289417028427124,0.49361589550971985,0.29361170530319214,0.3380142152309418,0.16411103308200836,0.1586015820503235,0.27770960330963135,0.1570872962474823
are,0.3065014183521271,0.3841303884983063,0.42922598123550415,0.24100729823112488,1.0,0.15228483080863953,0.28655800223350525,0.3127717971801758,0.2353130280971527,0.1751210242509842,0.26275575160980225,1.0,0.3676711618900299,0.29724663496017456,0.24591213464736938
those,0.2966330051422119,0.3419301211833954,0.48319631814956665,0.19655165076255798,0.6012985706329346,0.1679166853427887,0.26295706629753113,0.3021993041038513,0.28372475504875183,0.2088683396577835,0.30897894501686096,0.6012985706329346,0.2385408580303192,0.44466671347618103,0.3328189253807068
involving,0.17520096898078918,0.3576067388057709,0.3029049336910248,0.18723061680793762,0.28073740005493164,0.07475180923938751,0.1646730601787567,0.27070292830467224,0.22693167626857758,0.10942074656486511,0.16235774755477905,0.28073740005493164,0.31222257018089294,0.22227725386619568,0.19034086167812347
orogenic,0.3480246961116791,0.23887601494789124,0.39278775453567505,0.4182126820087433,0.28534647822380066,0.1678197830915451,0.29638156294822693,0.4873165488243103,0.6037161350250244,0.3377927243709564,0.3527067005634308,0.28534647822380066,0.2927224338054657,0.18539650738239288,0.09268061816692352
wedges,0.23615272343158722,0.17402519285678864,0.32926392555236816,0.22189798951148987,0.2849588394165039,0.24298369884490967,0.29411375522613525,0.36529767513275146,0.2896508574485779,0.2769778370857239,0.2926848530769348,0.2849588394165039,0.27184954285621643,0.17072786390781403,0.12393534183502197
",",0.25152507424354553,0.5201468467712402,0.3658004403114319,0.2542361319065094,0.4062570035457611,0.22658206522464752,0.29824912548065186,0.21584390103816986,0.2164171040058136,0.1725088655948639,0.24607931077480316,0.4062570035457611,0.26549121737480164,0.3087472915649414,0.31091248989105225
which,0.24686290323734283,0.4840516746044159,1.0,0.21144159138202667,0.42922598123550415,0.2829757332801819,0.33404073119163513,0.34502094984054565,0.3892434537410736,0.3061125576496124,0.34664881229400635,0.42922598123550415,0.5573342442512512,0.5261979103088379,0.25814583897590637
are,0.3065014183521271,0.3841303884983063,0.42922598123550415,0.24100729823112488,1.0,0.15228483080863953,0.28655800223350525,0.3127717971801758,0.2353130280971527,0.1751210242509842,0.26275575160980225,1.0,0.3676711618900299,0.29724663496017456,0.24591213464736938
zones,1.0000001192092896,0.2524511516094208,0.24686290323734283,0.28236573934555054,0.3065014183521271,0.13273265957832336,0.15572918951511383,0.3551347553730011,0.363546222448349,0.28044363856315613,0.4145297408103943,0.3065014183521271,0.16461330652236938,0.21359926462173462,0.11247222125530243
in,0.2524511516094208,1.0,0.4840516746044159,0.27267226576805115,0.3841303884983063,0.25829681754112244,0.3603311777114868,0.2147963047027588,0.22851157188415527,0.18938399851322174,0.29207542538642883,0.3841303884983063,0.40847352147102356,0.30808621644973755,0.20430970191955566
which,0.24686290323734283,0.4840516746044159,1.0,0.21144159138202667,0.42922598123550415,0.2829757332801819,0.33404073119163513,0.34502094984054565,0.3892434537410736,0.3061125576496124,0.34664881229400635,0.42922598123550415,0.5573342442512512,0.5261979103088379,0.25814583897590637
mountains,0.28236573934555054,0.27267226576805115,0.21144159138202667,1.0000001192092896,0.24100729823112488,0.16527590155601501,0.27606433629989624,0.2095871865749359,0.3557049334049225,0.21520189940929413,0.2890762686729431,0.24100729823112488,0.2189342975616455,0.1498076319694519,0.08633821457624435
are,0.3065014183521271,0.3841303884983063,0.42922598123550415,0.24100729823112488,1.0,0.15228483080863953,0.28655800223350525,0.3127717971801758,0.2353130280971527,0.1751210242509842,0.26275575160980225,1.0,0.3676711618900299,0.29724663496017456,0.24591213464736938
built,0.13273265957832336,0.25829681754112244,0.2829757332801819,0.16527590155601501,0.15228483080863953,1.0000001192092896,0.20608338713645935,0.10859063267707825,0.20614629983901978,0.12571585178375244,0.1946273297071457,0.15228483080863953,0.29808270931243896,0.1554843783378601,0.09449632465839386
along,0.15572918951511383,0.3603311777114868,0.33404073119163513,0.27606433629989624,0.28655800223350525,0.20608338713645935,1.0,0.2528676986694336,0.2506515085697174,0.19070807099342346,0.2775264382362366,0.28655800223350525,0.24222734570503235,0.22421957552433014,0.17134909331798553
convergent,0.3551347553730011,0.2147963047027588,0.34502094984054565,0.2095871865749359,0.3127717971801758,0.10859063267707825,0.2528676986694336,1.0,0.49975642561912537,0.31411972641944885,0.411479115486145,0.3127717971801758,0.2416379451751709,0.27333205938339233,0.1645277887582779
tectonic,0.363546222448349,0.22851157188415527,0.3892434537410736,0.3557049334049225,0.2353130280971527,0.20614629983901978,0.2506515085697174,0.49975642561912537,1.0000001192092896,0.5510096549987793,0.49008709192276,0.2353130280971527,0.2717174291610718,0.267217755317688,0.18071772158145905
plate,0.28044363856315613,0.18938399851322174,0.3061125576496124,0.21520189940929413,0.1751210242509842,0.12571585178375244,0.19070807099342346,0.31411972641944885,0.5510096549987793,1.0000001192092896,0.3379978537559509,0.1751210242509842,0.18216685950756073,0.16980557143688202,0.17674463987350464
boundaries,0.4145297408103943,0.29207542538642883,0.34664881229400635,0.2890762686729431,0.26275575160980225,0.1946273297071457,0.2775264382362366,0.411479115486145,0.49008709192276,0.3379978537559509,1.0,0.26275575160980225,0.26626646518707275,0.27773579955101013,0.13039568066596985
.,0.24390809237957,0.5591574311256409,0.45942068099975586,0.1869059056043625,0.3452940285205841,0.2374027520418167,0.27491724491119385,0.24221649765968323,0.21622037887573242,0.21695120632648468,0.22948695719242096,0.3452940285205841,0.300344854593277,0.3567904531955719,0.4130953550338745
