,what,principle,relates,to,the,formation,of,faults,and,the,age,of,the,sequences,through,which,they,cut,?
the,0.42745697498321533,0.24017377197742462,0.28690454363822937,0.535392165184021,1.0,0.33687281608581543,0.733189046382904,0.3002931475639343,0.5171257257461548,1.0,0.24711290001869202,0.733189046382904,1.0,0.2234572321176529,0.44071322679519653,0.6521818041801453,0.49925389885902405,0.29221418499946594,0.22068053483963013
principle,0.3569014072418213,1.0,0.3625403344631195,0.22799374163150787,0.24017377197742462,0.3123243451118469,0.2430231273174286,0.19069074094295502,0.18017759919166565,0.24017377197742462,0.12317781150341034,0.2430231273174286,0.24017377197742462,0.311657577753067,0.12255720794200897,0.33062395453453064,0.21808311343193054,0.08686225861310959,0.2002675086259842
of,0.33290785551071167,0.2430231273174286,0.3167797923088074,0.41548454761505127,0.733189046382904,0.2957320809364319,1.0,0.1837489753961563,0.5116966962814331,0.733189046382904,0.2372717410326004,1.0,0.733189046382904,0.16947661340236664,0.3647414743900299,0.5011631846427917,0.3426007330417633,0.26061776280403137,0.1826142966747284
cross-cutting,0.34770894050598145,0.25992730259895325,0.21486333012580872,0.331996351480484,0.39067867398262024,0.239354208111763,0.3228287398815155,0.27487608790397644,0.3669557571411133,0.39067867398262024,0.14253242313861847,0.3228287398815155,0.39067867398262024,0.23335009813308716,0.38596591353416443,0.41320639848709106,0.28838151693344116,0.5112976431846619,0.15708421170711517
relationships,0.2712070345878601,0.24150563776493073,0.4821615517139435,0.24882912635803223,0.21583695709705353,0.2223276048898697,0.25304844975471497,0.18135379254817963,0.3358020782470703,0.21583695709705353,0.16261766850948334,0.25304844975471497,0.21583695709705353,0.39527302980422974,0.15130490064620972,0.2873646318912506,0.31726664304733276,0.07611285150051117,0.14081478118896484
pertains,0.3541230857372284,0.29936233162879944,0.4362347424030304,0.31598323583602905,0.24847377836704254,0.14709001779556274,0.29907315969467163,0.16470710933208466,0.26311254501342773,0.24847377836704254,0.14245566725730896,0.29907315969467163,0.24847377836704254,0.1931353509426117,0.18557697534561157,0.3311787247657776,0.19789716601371765,0.045282963663339615,0.28562813997268677
to,0.455847829580307,0.22799374163150787,0.2781286835670471,1.0,0.535392165184021,0.21429739892482758,0.41548454761505127,0.224261075258255,0.48971283435821533,0.535392165184021,0.23830388486385345,0.41548454761505127,0.535392165184021,0.22955146431922913,0.4062686562538147,0.5345056653022766,0.5452046394348145,0.27572008967399597,0.29463258385658264
the,0.42745697498321533,0.24017377197742462,0.28690454363822937,0.535392165184021,1.0,0.33687281608581543,0.733189046382904,0.3002931475639343,0.5171257257461548,1.0,0.24711290001869202,0.733189046382904,1.0,0.2234572321176529,0.44071322679519653,0.6521818041801453,0.49925389885902405,0.29221418499946594,0.22068053483963013
formation,0.16291823983192444,0.3123243451118469,0.20850688219070435,0.21429739892482758,0.33687281608581543,1.0000001192092896,0.2957320809364319,0.3173145651817322,0.22940734028816223,0.33687281608581543,0.2023080736398697,0.2957320809364319,0.33687281608581543,0.3077460527420044,0.24328194558620453,0.37379011511802673,0.23617015779018402,0.1358572244644165,0.09831923991441727
of,0.33290785551071167,0.2430231273174286,0.3167797923088074,0.41548454761505127,0.733189046382904,0.2957320809364319,1.0,0.1837489753961563,0.5116966962814331,0.733189046382904,0.2372717410326004,1.0,0.733189046382904,0.16947661340236664,0.3647414743900299,0.5011631846427917,0.3426007330417633,0.26061776280403137,0.1826142966747284
faults,0.3249368667602539,0.19069074094295502,0.1756519228219986,0.224261075258255,0.3002931475639343,0.3173145651817322,0.1837489753961563,1.0,0.26066941022872925,0.3002931475639343,0.1169605478644371,0.1837489753961563,0.3002931475639343,0.2505776882171631,0.23184062540531158,0.31374192237854004,0.26456981897354126,0.271660178899765,0.17420656979084015
and,0.31309178471565247,0.18017759919166565,0.28937336802482605,0.48971283435821533,0.5171257257461548,0.22940734028816223,0.5116966962814331,0.26066941022872925,1.0,0.5171257257461548,0.20936404168605804,0.5116966962814331,0.5171257257461548,0.21820475161075592,0.3666759729385376,0.506277859210968,0.5073080658912659,0.2832682728767395,0.20544172823429108
the,0.42745697498321533,0.24017377197742462,0.28690454363822937,0.535392165184021,1.0,0.33687281608581543,0.733189046382904,0.3002931475639343,0.5171257257461548,1.0,0.24711290001869202,0.733189046382904,1.0,0.2234572321176529,0.44071322679519653,0.6521818041801453,0.49925389885902405,0.29221418499946594,0.22068053483963013
age,0.1895245760679245,0.12317781150341034,0.19000816345214844,0.23830388486385345,0.24711290001869202,0.2023080736398697,0.2372717410326004,0.1169605478644371,0.20936404168605804,0.24711290001869202,0.9999998807907104,0.2372717410326004,0.24711290001869202,0.12762871384620667,0.14226222038269043,0.1620659977197647,0.2389761060476303,0.07982689887285233,0.16859300434589386
of,0.33290785551071167,0.2430231273174286,0.3167797923088074,0.41548454761505127,0.733189046382904,0.2957320809364319,1.0,0.1837489753961563,0.5116966962814331,0.733189046382904,0.2372717410326004,1.0,0.733189046382904,0.16947661340236664,0.3647414743900299,0.5011631846427917,0.3426007330417633,0.26061776280403137,0.1826142966747284
the,0.42745697498321533,0.24017377197742462,0.28690454363822937,0.535392165184021,1.0,0.33687281608581543,0.733189046382904,0.3002931475639343,0.5171257257461548,1.0,0.24711290001869202,0.733189046382904,1.0,0.2234572321176529,0.44071322679519653,0.6521818041801453,0.49925389885902405,0.29221418499946594,0.22068053483963013
sequences,0.22366639971733093,0.311657577753067,0.2904561758041382,0.22955146431922913,0.2234572321176529,0.3077460527420044,0.16947661340236664,0.2505776882171631,0.21820475161075592,0.2234572321176529,0.12762871384620667,0.16947661340236664,0.2234572321176529,1.0,0.20757558941841125,0.3522944152355194,0.24967531859874725,0.18781784176826477,0.1885564625263214
through,0.23167094588279724,0.12255720794200897,0.17007671296596527,0.4062686562538147,0.44071322679519653,0.24328194558620453,0.3647414743900299,0.23184062540531158,0.3666759729385376,0.44071322679519653,0.14226222038269043,0.3647414743900299,0.44071322679519653,0.20757558941841125,1.0,0.40321648120880127,0.3151256740093231,0.29487481713294983,0.16913433372974396
which,0.5261979103088379,0.33062395453453064,0.3775070011615753,0.5345056653022766,0.6521818041801453,0.37379011511802673,0.5011631846427917,0.31374192237854004,0.506277859210968,0.6521818041801453,0.1620659977197647,0.5011631846427917,0.6521818041801453,0.3522944152355194,0.40321648120880127,1.0,0.5165667533874512,0.29704195261001587,0.25814583897590637
they,0.4431931674480438,0.21808311343193054,0.19898539781570435,0.5452046394348145,0.49925389885902405,0.23617015779018402,0.3426007330417633,0.26456981897354126,0.5073080658912659,0.49925389885902405,0.2389761060476303,0.3426007330417633,0.49925389885902405,0.24967531859874725,0.3151256740093231,0.5165667533874512,0.9999999403953552,0.23222216963768005,0.2753053903579712
cut,0.20727719366550446,0.08686225861310959,0.09662677347660065,0.27572008967399597,0.29221418499946594,0.1358572244644165,0.26061776280403137,0.271660178899765,0.2832682728767395,0.29221418499946594,0.07982689887285233,0.26061776280403137,0.29221418499946594,0.18781784176826477,0.29487481713294983,0.29704195261001587,0.23222216963768005,0.9999998807907104,0.1403924524784088
.,0.3567904531955719,0.1894911378622055,0.20335862040519714,0.4645031690597534,0.5934505462646484,0.23124639689922333,0.5352458953857422,0.20188970863819122,0.588965117931366,0.5934505462646484,0.2498820275068283,0.5352458953857422,0.5934505462646484,0.19719864428043365,0.3174465596675873,0.45942068099975586,0.4510921239852905,0.2298540472984314,0.4130953550338745
