,the,presence,or,absence,of,what,can,be,used,to,determine,the,relative,age,of,the,formations,in,which,they,are,found,?
as,0.48381632566452026,0.2591531276702881,0.4400654137134552,0.29398468136787415,0.3886612355709076,0.31749409437179565,0.3245031237602234,0.5230465531349182,0.35160550475120544,0.42092081904411316,0.3198702335357666,0.48381632566452026,0.21516168117523193,0.22976377606391907,0.3886612355709076,0.48381632566452026,0.22966185212135315,0.3887844979763031,0.41006597876548767,0.3294360637664795,0.3826591968536377,0.20543651282787323,0.27043893933296204
organisms,0.22463196516036987,0.27478694915771484,0.3525788187980652,0.29413652420043945,0.23870134353637695,0.22214920818805695,0.31675317883491516,0.2677736282348633,0.25557851791381836,0.26437875628471375,0.31273511052131653,0.22463196516036987,0.22954367101192474,0.1652429848909378,0.23870134353637695,0.22463196516036987,0.3762235939502716,0.21345661580562592,0.3490593135356903,0.35294169187545776,0.3114190697669983,0.24145568907260895,0.22621455788612366
exist,0.3024537265300751,0.28122788667678833,0.3274376392364502,0.27126842737197876,0.28013259172439575,0.3340267241001129,0.3189353048801422,0.36136531829833984,0.33660435676574707,0.2506487965583801,0.3264956772327423,0.3024537265300751,0.18155786395072937,0.0958624854683876,0.28013259172439575,0.3024537265300751,0.28889206051826477,0.2361043095588684,0.3443399667739868,0.3090543746948242,0.4066506326198578,0.2824633717536926,0.28923845291137695
at,0.457212895154953,0.10484021157026291,0.21026140451431274,0.1155519038438797,0.42558613419532776,0.2838611304759979,0.16641086339950562,0.30379733443260193,0.22295412421226501,0.36524343490600586,0.2584746479988098,0.457212895154953,0.23003612458705902,0.32409605383872986,0.42558613419532776,0.457212895154953,0.19156375527381897,0.4374977946281433,0.3286694884300232,0.29493749141693115,0.2074895054101944,0.21720094978809357,0.21978627145290375
the,1.0,0.34114351868629456,0.4174870550632477,0.3194023072719574,0.733189046382904,0.42745697498321533,0.312528520822525,0.4248143136501312,0.3718377649784088,0.535392165184021,0.40889066457748413,1.0,0.24540278315544128,0.24711290001869202,0.733189046382904,1.0,0.3201930522918701,0.6662389636039734,0.6521818041801453,0.49925389885902405,0.40399202704429626,0.3452354073524475,0.22068053483963013
same,0.4583131968975067,0.1402815282344818,0.36380261182785034,0.21119475364685059,0.3808329105377197,0.3764382302761078,0.3393253982067108,0.3600577712059021,0.31133803725242615,0.3205692768096924,0.3777610957622528,0.4583131968975067,0.31016215682029724,0.2179875522851944,0.3808329105377197,0.4583131968975067,0.2322147637605667,0.3692481815814972,0.4653036296367645,0.4089357554912567,0.3446533679962158,0.23375709354877472,0.22649677097797394
time,0.43061500787734985,0.16079507768154144,0.2774261236190796,0.23390795290470123,0.35127586126327515,0.36319252848625183,0.2720869183540344,0.3473503291606903,0.2869652807712555,0.3679993152618408,0.31341269612312317,0.43061500787734985,0.24555228650569916,0.3006857633590698,0.35127586126327515,0.43061500787734985,0.19173315167427063,0.3431483507156372,0.325231671333313,0.3580583930015564,0.24188680946826935,0.18558558821678162,0.27391523122787476
period,0.3125074505805969,0.17796151340007782,0.22841477394104004,0.2736065983772278,0.2698146104812622,0.24507179856300354,0.17864547669887543,0.25402894616127014,0.2327127307653427,0.24346192181110382,0.16946952044963837,0.3125074505805969,0.22948798537254333,0.3056888282299042,0.2698146104812622,0.3125074505805969,0.25887206196784973,0.23051127791404724,0.31679004430770874,0.23434767127037048,0.18534421920776367,0.13365647196769714,0.18706195056438446
throughout,0.4158564507961273,0.35458701848983765,0.17314185202121735,0.256571888923645,0.35374847054481506,0.2130906730890274,0.2523190677165985,0.2712457776069641,0.2784973680973053,0.31226396560668945,0.2558765411376953,0.4158564507961273,0.20623967051506042,0.17360907793045044,0.35374847054481506,0.4158564507961273,0.32203659415245056,0.46596065163612366,0.39025890827178955,0.29853323101997375,0.29618778824806213,0.25230056047439575,0.12665234506130219
the,1.0,0.34114351868629456,0.4174870550632477,0.3194023072719574,0.733189046382904,0.42745697498321533,0.312528520822525,0.4248143136501312,0.3718377649784088,0.535392165184021,0.40889066457748413,1.0,0.24540278315544128,0.24711290001869202,0.733189046382904,1.0,0.3201930522918701,0.6662389636039734,0.6521818041801453,0.49925389885902405,0.40399202704429626,0.3452354073524475,0.22068053483963013
world,0.33604270219802856,0.20865321159362793,0.16884274780750275,0.1627802699804306,0.2828933000564575,0.21669597923755646,0.2264544814825058,0.2187124341726303,0.2367367148399353,0.26213452219963074,0.18222489953041077,0.33604270219802856,0.11072397232055664,0.24584408104419708,0.2828933000564575,0.33604270219802856,0.2145184576511383,0.3038199245929718,0.29213306307792664,0.26389625668525696,0.22463127970695496,0.1707981675863266,0.17579582333564758
",",0.4933079481124878,0.21457527577877045,0.3769497275352478,0.21375854313373566,0.4946078956127167,0.3087472915649414,0.3139454126358032,0.39254459738731384,0.3120402991771698,0.44245919585227966,0.2144405096769333,0.4933079481124878,0.21147610247135162,0.2693369388580322,0.4946078956127167,0.4933079481124878,0.2789337933063507,0.5201468467712402,0.3658004403114319,0.390799880027771,0.4062570035457611,0.27385151386260986,0.31091248989105225
their,0.516537070274353,0.29482147097587585,0.42146000266075134,0.25418752431869507,0.4329940676689148,0.35142919421195984,0.3564860224723816,0.3200586438179016,0.3259406089782715,0.44619059562683105,0.36186301708221436,0.516537070274353,0.2759973406791687,0.19070440530776978,0.4329940676689148,0.516537070274353,0.23326873779296875,0.34976133704185486,0.4582767188549042,0.7104025483131409,0.46887820959091187,0.16267240047454834,0.1898253709077835
presence,0.34114351868629456,0.9999999403953552,0.2883066236972809,0.5604124069213867,0.2917717397212982,0.24428647756576538,0.22971411049365997,0.2847478985786438,0.25494882464408875,0.3215413987636566,0.28767094016075134,0.34114351868629456,0.28437986969947815,0.1421736478805542,0.2917717397212982,0.34114351868629456,0.3901863992214203,0.24880747497081757,0.4159404933452606,0.30997323989868164,0.2958362400531769,0.24867844581604004,0.08592845499515533
or,0.4174870550632477,0.2883066236972809,1.0000001192092896,0.2996608316898346,0.3792596757411957,0.33867141604423523,0.5614996552467346,0.5260903835296631,0.4951852560043335,0.38921234011650085,0.3392714262008667,0.4174870550632477,0.2234428972005844,0.15139344334602356,0.3792596757411957,0.4174870550632477,0.2958323061466217,0.3586423695087433,0.5105096101760864,0.4633304476737976,0.5374364256858826,0.22172152996063232,0.32389625906944275
(,0.33289089798927307,0.11829669773578644,0.3582012951374054,0.1627737432718277,0.35032153129577637,0.2411840260028839,0.22726960480213165,0.2349044382572174,0.19005385041236877,0.30882009863853455,0.21235394477844238,0.33289089798927307,0.21364818513393402,0.14561709761619568,0.35032153129577637,0.33289089798927307,0.19486233592033386,0.3087427020072937,0.2589828372001648,0.22770340740680695,0.23263892531394958,0.1583331823348999,0.40561532974243164
sometimes,0.35816407203674316,0.22570493817329407,0.5977028608322144,0.23134875297546387,0.296434611082077,0.34229418635368347,0.5374409556388855,0.40308091044425964,0.4974112808704376,0.4055429697036743,0.21652637422084808,0.35816407203674316,0.22661364078521729,0.13562290370464325,0.296434611082077,0.35816407203674316,0.22472813725471497,0.31462913751602173,0.4812026917934418,0.44364240765571594,0.47411349415779114,0.222886860370636,0.1751544177532196
),0.3456730246543884,0.11585924029350281,0.3706604242324829,0.18385063111782074,0.3680361211299896,0.26259949803352356,0.23216170072555542,0.24578070640563965,0.1905621439218521,0.31236231327056885,0.19434958696365356,0.3456730246543884,0.21589268743991852,0.16737043857574463,0.3680361211299896,0.3456730246543884,0.19021183252334595,0.3326910734176636,0.2758678197860718,0.22818082571029663,0.2373749315738678,0.16750772297382355,0.42300865054130554
absence,0.3194023072719574,0.5604124069213867,0.2996608316898346,1.0,0.28274261951446533,0.292216956615448,0.2618861794471741,0.3229086399078369,0.19398178160190582,0.3072148263454437,0.27949655055999756,0.3194023072719574,0.28363510966300964,0.26783299446105957,0.28274261951446533,0.3194023072719574,0.2583564817905426,0.2067711502313614,0.35542064905166626,0.24925744533538818,0.2249133437871933,0.2213207185268402,0.1211882010102272
may,0.2694292366504669,0.222115159034729,0.399771511554718,0.24390806257724762,0.26447007060050964,0.25739946961402893,0.43584567308425903,0.45514434576034546,0.29261529445648193,0.391582727432251,0.24689613282680511,0.2694292366504669,0.1352013200521469,0.21728451550006866,0.26447007060050964,0.2694292366504669,0.239142045378685,0.3424151837825775,0.23536433279514313,0.3371005356311798,0.3162533640861511,0.1953253149986267,0.2768254578113556
be,0.4248143136501312,0.2847478985786438,0.5260903835296631,0.3229086399078369,0.33904364705085754,0.3929833769798279,0.5791122913360596,1.0,0.3731876611709595,0.4972836375236511,0.43451228737831116,0.4248143136501312,0.2004498690366745,0.16612951457500458,0.33904364705085754,0.4248143136501312,0.2652128040790558,0.3481820821762085,0.476310670375824,0.4858434796333313,0.5556803941726685,0.23313552141189575,0.3324260413646698
used,0.3718377649784088,0.25494882464408875,0.4951852560043335,0.19398178160190582,0.3075267970561981,0.27546408772468567,0.48128408193588257,0.3731876611709595,0.9999998807907104,0.40058770775794983,0.31329089403152466,0.3718377649784088,0.20500415563583374,0.07633404433727264,0.3075267970561981,0.3718377649784088,0.2493552267551422,0.3090210556983948,0.414506196975708,0.37411078810691833,0.3322218656539917,0.31508201360702515,0.22430120408535004
to,0.535392165184021,0.3215413987636566,0.38921234011650085,0.3072148263454437,0.41548454761505127,0.455847829580307,0.4979398250579834,0.4972836375236511,0.40058770775794983,1.0,0.4076496958732605,0.535392165184021,0.283727765083313,0.23830388486385345,0.41548454761505127,0.535392165184021,0.2386225163936615,0.45010748505592346,0.5345056653022766,0.5452046394348145,0.3504326641559601,0.25225648283958435,0.29463258385658264
provide,0.26373472809791565,0.3272742033004761,0.36427032947540283,0.28220808506011963,0.27198103070259094,0.27049049735069275,0.3899819850921631,0.41814184188842773,0.366753488779068,0.3479624092578888,0.3815077543258667,0.26373472809791565,0.25695183873176575,0.09724842756986618,0.27198103070259094,0.26373472809791565,0.3063875138759613,0.1910654902458191,0.33578091859817505,0.2950424253940582,0.3588597774505615,0.21355301141738892,0.22704634070396423
a,0.5829201340675354,0.2469376027584076,0.48853766918182373,0.22623278200626373,0.5052502155303955,0.3320399522781372,0.3915780484676361,0.39883795380592346,0.3864384889602661,0.45503583550453186,0.3650607168674469,0.5829201340675354,0.3016895651817322,0.19297243654727936,0.5052502155303955,0.5829201340675354,0.2534730136394501,0.539380669593811,0.56894451379776,0.3528250455856323,0.265255331993103,0.2869448959827423,0.23916715383529663
relative,0.24540278315544128,0.28437986969947815,0.2234428972005844,0.28363510966300964,0.32158899307250977,0.24426062405109406,0.1995767503976822,0.2004498690366745,0.20500415563583374,0.283727765083313,0.2994788587093353,0.24540278315544128,1.0000001192092896,0.17646417021751404,0.32158899307250977,0.24540278315544128,0.2093168944120407,0.19146351516246796,0.2950720489025116,0.20980030298233032,0.18377552926540375,0.2037419080734253,0.1457768678665161
age,0.24711290001869202,0.1421736478805542,0.15139344334602356,0.26783299446105957,0.2372717410326004,0.1895245760679245,0.17416419088840485,0.16612951457500458,0.07633404433727264,0.23830388486385345,0.13742327690124512,0.24711290001869202,0.17646417021751404,0.9999998807907104,0.2372717410326004,0.24711290001869202,0.1812794953584671,0.30576348304748535,0.1620659977197647,0.2389761060476303,0.1542336493730545,0.21284176409244537,0.16859300434589386
of,0.733189046382904,0.2917717397212982,0.3792596757411957,0.28274261951446533,1.0,0.33290785551071167,0.2603091299533844,0.33904364705085754,0.3075267970561981,0.41548454761505127,0.3512130081653595,0.733189046382904,0.32158899307250977,0.2372717410326004,1.0,0.733189046382904,0.2921679615974426,0.5696388483047485,0.5011631846427917,0.3426007330417633,0.39081433415412903,0.2982911467552185,0.1826142966747284
the,1.0,0.34114351868629456,0.4174870550632477,0.3194023072719574,0.733189046382904,0.42745697498321533,0.312528520822525,0.4248143136501312,0.3718377649784088,0.535392165184021,0.40889066457748413,1.0,0.24540278315544128,0.24711290001869202,0.733189046382904,1.0,0.3201930522918701,0.6662389636039734,0.6521818041801453,0.49925389885902405,0.40399202704429626,0.3452354073524475,0.22068053483963013
formations,0.3201930522918701,0.3901863992214203,0.2958323061466217,0.2583564817905426,0.2921679615974426,0.1548330932855606,0.2789516746997833,0.2652128040790558,0.2493552267551422,0.2386225163936615,0.2221757173538208,0.3201930522918701,0.2093168944120407,0.1812794953584671,0.2921679615974426,0.3201930522918701,1.0,0.2713339030742645,0.38935866951942444,0.33538779616355896,0.3421277403831482,0.33055731654167175,0.11879130452871323
in,0.6662389636039734,0.24880747497081757,0.3586423695087433,0.2067711502313614,0.5696388483047485,0.30808621644973755,0.26527702808380127,0.3481820821762085,0.3090210556983948,0.45010748505592346,0.28156906366348267,0.6662389636039734,0.19146351516246796,0.30576348304748535,0.5696388483047485,0.6662389636039734,0.2713339030742645,1.0,0.4840516746044159,0.4330179989337921,0.3841303884983063,0.39141854643821716,0.20430970191955566
which,0.6521818041801453,0.4159404933452606,0.5105096101760864,0.35542064905166626,0.5011631846427917,0.5261979103088379,0.41132649779319763,0.476310670375824,0.414506196975708,0.5345056653022766,0.39783817529678345,0.6521818041801453,0.2950720489025116,0.1620659977197647,0.5011631846427917,0.6521818041801453,0.38935866951942444,0.4840516746044159,1.0,0.5165667533874512,0.42922598123550415,0.25134438276290894,0.25814583897590637
they,0.49925389885902405,0.30997323989868164,0.4633304476737976,0.24925744533538818,0.3426007330417633,0.4431931674480438,0.47909218072891235,0.4858434796333313,0.37411078810691833,0.5452046394348145,0.34490662813186646,0.49925389885902405,0.20980030298233032,0.2389761060476303,0.3426007330417633,0.49925389885902405,0.33538779616355896,0.4330179989337921,0.5165667533874512,0.9999999403953552,0.610666811466217,0.3030489683151245,0.2753053903579712
are,0.40399202704429626,0.2958362400531769,0.5374364256858826,0.2249133437871933,0.39081433415412903,0.29724663496017456,0.5408529043197632,0.5556803941726685,0.3322218656539917,0.3504326641559601,0.3171437084674835,0.40399202704429626,0.18377552926540375,0.1542336493730545,0.39081433415412903,0.40399202704429626,0.3421277403831482,0.3841303884983063,0.42922598123550415,0.610666811466217,1.0,0.2740558087825775,0.24591213464736938
found,0.3452354073524475,0.24867844581604004,0.22172152996063232,0.2213207185268402,0.2982911467552185,0.1796332150697708,0.24230946600437164,0.23313552141189575,0.31508201360702515,0.25225648283958435,0.25388020277023315,0.3452354073524475,0.2037419080734253,0.21284176409244537,0.2982911467552185,0.3452354073524475,0.33055731654167175,0.39141854643821716,0.25134438276290894,0.3030489683151245,0.2740558087825775,0.9999999403953552,0.16790300607681274
.,0.5934505462646484,0.19082973897457123,0.36683785915374756,0.23569418489933014,0.5352458953857422,0.3567904531955719,0.35783761739730835,0.4383580684661865,0.33111312985420227,0.4645031690597534,0.323413223028183,0.5934505462646484,0.21581801772117615,0.2498820275068283,0.5352458953857422,0.5934505462646484,0.2616509795188904,0.5591574311256409,0.45942068099975586,0.4510921239852905,0.3452940285205841,0.3618174195289612,0.4130953550338745
