,what,is,the,most,important,problem,in,the,united,states,and,elsewhere,?
2013,-0.3886653184890747,-0.3365909159183502,-0.38509321212768555,-0.33203089237213135,-0.20815765857696533,-0.29922744631767273,-0.2606481909751892,-0.38509321212768555,-0.14843827486038208,-0.1820077747106552,-0.31428804993629456,-0.3111859858036041,-0.2969330847263336
economics,0.21107932925224304,0.19443869590759277,0.17465341091156006,0.14991821348667145,0.24581222236156464,0.17290662229061127,0.19117838144302368,0.17465341091156006,0.1987549066543579,0.16732662916183472,0.1880827248096466,0.15672215819358826,0.15849412977695465
nobel,0.20388969779014587,0.1316506415605545,0.1909446120262146,0.16647377610206604,0.21103140711784363,0.15921348333358765,0.19903117418289185,0.1909446120262146,0.19965529441833496,0.17064650356769562,0.1760268211364746,0.1470564305782318,0.15008176863193512
prize,0.1654435694217682,0.13773074746131897,0.18969248235225677,0.15443970263004303,0.22607143223285675,0.1422359049320221,0.21274791657924652,0.18969248235225677,0.2153044193983078,0.17659373581409454,0.19794146716594696,0.10306206345558167,0.14158497750759125
winner,0.16745254397392273,0.16638970375061035,0.25965070724487305,0.18018199503421783,0.1278032511472702,0.11951343715190887,0.2491646409034729,0.25965070724487305,0.18064531683921814,0.1764892339706421,0.2266683727502823,0.052752070128917694,0.14322948455810547
robert,0.1948658525943756,0.16191203892230988,0.2257954627275467,0.10399110615253448,0.09457537531852722,0.16826288402080536,0.22155319154262543,0.2257954627275467,0.19725874066352844,0.15857498347759247,0.21826715767383575,0.0844990536570549,0.11293095350265503
j.,-0.06363846361637115,0.06225122883915901,0.03800997510552406,-0.03453952074050903,-0.028817176818847656,-0.0034083870705217123,-0.05513869225978851,0.03800997510552406,-0.00740140862762928,-0.009143914096057415,-0.07826412469148636,-0.015934407711029053,0.004272869788110256
shiller,0.21897807717323303,0.2513643503189087,0.2861744463443756,0.1760091334581375,0.12477699667215347,0.11262310296297073,0.1999422311782837,0.2861744463443756,0.2244824320077896,0.17015433311462402,0.3247720003128052,0.06816481798887253,0.13507020473480225
said,0.3951668441295624,0.2595660388469696,0.3024602234363556,0.26140880584716797,0.23179098963737488,0.28390052914619446,0.23461468517780304,0.3024602234363556,0.22592084109783173,0.22977343201637268,0.2940692901611328,0.17004704475402832,0.28991883993148804
that,0.6297725439071655,0.3995479643344879,0.5473989248275757,0.4497850239276886,0.3865286409854889,0.4416671693325043,0.435920387506485,0.5473989248275757,0.25567954778671265,0.291576623916626,0.4731321930885315,0.3747892677783966,0.32716336846351624
rising,0.18883290886878967,0.17822740972042084,0.34945452213287354,0.22045139968395233,0.15476880967617035,0.17037829756736755,0.26222285628318787,0.34945452213287354,0.17552028596401215,0.1763533055782318,0.2786417007446289,0.14086005091667175,0.07955946773290634
inequality,0.30072227120399475,0.1953488290309906,0.23508106172084808,0.20298241078853607,0.32523176074028015,0.40940722823143005,0.19402410089969635,0.23508106172084808,0.2821160554885864,0.3115520179271698,0.2590520679950714,0.1743534356355667,0.23619021475315094
in,0.30808621644973755,0.5394441485404968,0.6662389636039734,0.41416558623313904,0.3796374499797821,0.16969570517539978,1.0,0.6662389636039734,0.3938477039337158,0.3977442979812622,0.4954058527946472,0.37918442487716675,0.20430970191955566
the,0.42745697498321533,0.5823672413825989,1.0,0.47635307908058167,0.39348116517066956,0.24928659200668335,0.6662389636039734,1.0,0.34367692470550537,0.3463578522205353,0.5171257257461548,0.33725225925445557,0.22068053483963013
united,0.20036718249320984,0.22408509254455566,0.34367692470550537,0.24793334305286407,0.19289147853851318,0.11214587092399597,0.3938477039337158,0.34367692470550537,1.0000001192092896,0.8952266573905945,0.28213179111480713,0.22543956339359283,0.17266890406608582
states,0.21526020765304565,0.21939043700695038,0.3463578522205353,0.286347895860672,0.20351454615592957,0.1380728930234909,0.3977442979812622,0.3463578522205353,0.8952266573905945,1.0,0.2974761426448822,0.24868962168693542,0.16272737085819244
and,0.31309178471565247,0.3859752118587494,0.5171257257461548,0.4309377074241638,0.37549954652786255,0.24328261613845825,0.4954058527946472,0.5171257257461548,0.28213179111480713,0.2974761426448822,1.0,0.28654205799102783,0.20544172823429108
elsewhere,0.40968769788742065,0.26616141200065613,0.33725225925445557,0.3205406069755554,0.23002146184444427,0.2718934714794159,0.37918442487716675,0.33725225925445557,0.22543956339359283,0.24868962168693542,0.28654205799102783,0.9999999403953552,0.33915433287620544
is,0.28837618231773376,1.0,0.5823672413825989,0.41165053844451904,0.350485235452652,0.23238427937030792,0.5394441485404968,0.5823672413825989,0.22408509254455566,0.21939043700695038,0.3859752118587494,0.26616141200065613,0.22961433231830597
the,0.42745697498321533,0.5823672413825989,1.0,0.47635307908058167,0.39348116517066956,0.24928659200668335,0.6662389636039734,1.0,0.34367692470550537,0.3463578522205353,0.5171257257461548,0.33725225925445557,0.22068053483963013
most,0.3219912350177765,0.41165053844451904,0.47635307908058167,1.0,0.5079463124275208,0.2509269416332245,0.41416558623313904,0.47635307908058167,0.24793334305286407,0.286347895860672,0.4309377074241638,0.3205406069755554,0.2107497900724411
important,0.31164905428886414,0.350485235452652,0.39348116517066956,0.5079463124275208,1.0000001192092896,0.2612578570842743,0.3796374499797821,0.39348116517066956,0.19289147853851318,0.20351454615592957,0.37549954652786255,0.23002146184444427,0.17812499403953552
problem,0.42183366417884827,0.23238427937030792,0.24928659200668335,0.2509269416332245,0.2612578570842743,1.0,0.16969570517539978,0.24928659200668335,0.11214587092399597,0.1380728930234909,0.24328261613845825,0.2718934714794159,0.3762950301170349
.,0.3567904531955719,0.4569662809371948,0.5934505462646484,0.35404038429260254,0.33938494324684143,0.22562150657176971,0.5591574311256409,0.5934505462646484,0.3406063914299011,0.33941102027893066,0.588965117931366,0.3476380705833435,0.4130953550338745
