,what,is,essential,for,the,successful,execution,of,a,project,?
for,0.3017193675041199,0.43268078565597534,0.2567243278026581,0.9999999403953552,0.4739971458911896,0.2988608777523041,0.1687663197517395,0.4185989499092102,0.44038116931915283,0.2228124439716339,0.264628142118454
the,0.42745697498321533,0.5823672413825989,0.25420910120010376,0.4739971458911896,1.0,0.31354787945747375,0.2074618637561798,0.733189046382904,0.5829201340675354,0.2027820199728012,0.22068053483963013
successful,0.16902779042720795,0.24266567826271057,0.21956411004066467,0.2988608777523041,0.31354787945747375,1.0,0.10893434286117554,0.2304827868938446,0.28627005219459534,0.21374058723449707,0.1132197454571724
execution,0.2218502163887024,0.1931447684764862,0.13472425937652588,0.1687663197517395,0.2074618637561798,0.10893434286117554,1.0,0.2427012324333191,0.23076730966567993,0.15439100563526154,0.15878841280937195
of,0.33290785551071167,0.4854315221309662,0.3107908368110657,0.4185989499092102,0.733189046382904,0.2304827868938446,0.2427012324333191,1.0,0.5052502155303955,0.17578177154064178,0.1826142966747284
a,0.3320399522781372,0.658733606338501,0.22568123042583466,0.44038116931915283,0.5829201340675354,0.28627005219459534,0.23076730966567993,0.5052502155303955,1.0,0.2328382134437561,0.23916715383529663
project,0.27033838629722595,0.1924840211868286,0.1738664209842682,0.2228124439716339,0.2027820199728012,0.21374058723449707,0.15439100563526154,0.17578177154064178,0.2328382134437561,1.0,0.30569031834602356
",",0.3087472915649414,0.4691906273365021,0.238135427236557,0.4464869201183319,0.4933079481124878,0.28826844692230225,0.214806467294693,0.4946078956127167,0.427140474319458,0.24875426292419434,0.31091248989105225
effective,0.23494793474674225,0.19124136865139008,0.32776254415512085,0.2914128005504608,0.23741452395915985,0.20794342458248138,0.2683010399341583,0.27888283133506775,0.2041732668876648,0.21009008586406708,0.21825028955936432
planning,0.2823503315448761,0.17141012847423553,0.19432803988456726,0.3183043301105499,0.3046698570251465,0.23691913485527039,0.2727091610431671,0.32562166452407837,0.232967808842659,0.38005825877189636,0.1869431883096695
is,0.28837618231773376,1.0,0.23025840520858765,0.43268078565597534,0.5823672413825989,0.24266567826271057,0.1931447684764862,0.4854315221309662,0.658733606338501,0.1924840211868286,0.22961433231830597
essential,0.26907849311828613,0.23025840520858765,1.0000001192092896,0.2567243278026581,0.25420910120010376,0.21956411004066467,0.13472425937652588,0.3107908368110657,0.22568123042583466,0.1738664209842682,0.17944687604904175
.,0.3567904531955719,0.4569662809371948,0.21334141492843628,0.4726039469242096,0.5934505462646484,0.361310213804245,0.18647733330726624,0.5352458953857422,0.50484299659729,0.23938670754432678,0.4130953550338745
